dla: 10
4
4
2
1
2
1
2
1
1
1


dla: 50
28
18
11
9
10
10
10
9
10
10


dla: 100
59
48
34
28
28
28
27
27
28
27


dla: 500
353
335
311
290
303
272
271
267
262
262


dla: 1000
800
770
768
736
730
719
723
731
712
724


dla: 2000
1725
2600
1672
1687
2413
1659
1636
1656
1646
1630


dla: 5000
6435
5944
6068
5943
5956
5958
5911
8498
8248
8192


dla: 10000
13073
10695
11608
10618
10613
11549
11066
11436
10532
11003


dla: 20000
23855
26943
26256
26254
24350
23172
23339
23200
22602
25960


dla: 50000
66999
64768
61979
61655
64426
69979
67935
63496
68480
61138


dla: 100000
144896
136441
138053
137201
133190
140166
143600
135068
136997
141191


dla: 200000
299767
296767
339444
295732
313156
298534
305451
304421
289054
306003


dla: 300000
514300
462086
478529
480925
481490
479143
472100
472697
485671
479703


dla: 500000
837596
824455
831495
804779
829381
818035
819383
829754
825678
804479


