919 978 198 435 798 369   9 624  507 378 339 418 446 833  91 145 210 302 877  219 107  659 755 883 469 353  23 734 615 150 569 944 936 556 540 688  134 257 194 917 940  65 319   43 540   60 485 108  56 206  510 586 714  62 993  20 886 556 136 654 712 851 173 621 914  25 925 337 879 452 499 853 758 868 179  83 916 683 216 880 361 677 785 506 726 618 203  209  66 567  712   88 249  81   3 180 586 811 993 855
 64 955 867 959 293 763 200 510  807 968 103 750 308 167   1 162 176  22 721  459 519  130 465 546  13 855 976 781 468  72 565 241 488 577 860 644  476 512 557 927 204 480 559   54 607  639 489 385 584 730  576 397 459 571 937 896 483 579 629 139 912 173 357 651 308 872  47 528 752 594 298 433 501 107  67 277 887 631  70  76 184 200 853 911 406 707 277  984 862 626  723  389 221 211 355 406  25 786 547 299
569  74 212 857 619 942 993  84  862 181 877 168 686 720 727 175 314 619 474  759 526  479 652 748 845 887 463 613 610 953  21 659 178  97 380 506  195 508 261 450 512 611 333  705  34  612  55  48 657 227  289 180 249   9 764 512 487 523 655  13  21 848 267 448 356 561 115 714 784 960 610 210 645 291 332 900 132 956 999 725 713 881 539 641 907  29 796   96 776 776  746   75 217 897 572 996 615 940 410 298
659 192 206 127 192 121 248 868   61 643 935 261 548 580 819 713 764 953 352   17 934  641 623 836 393 851 651 273 531 200 982 417 131 459 211  33   80 893 211 427 219 266 673  590 140  489 197 490 913 370  369 105 242 339 833 745 431 348 136 786 880 927 775 668 243 436   0 798  80 264 414  36 678 185 877 688  67 432 839 262 531 725 937 429 590 956 974  882 109 666  532  783 219 684 444 791 446 605 804  39
600 941 810 809 369  61 625 880  938 280 992  25 488 396 382 284 575  33 586  566  65   23 408 983 387 314 394  11  45 638 608 573 283 299 335 194  742 477 646  94 890 723 112   40 723  718 592 319 899 906  285 236 844 336 971 240 136 469 113  29 333 745 943 103 805 233 372 365 594 903 675 513 419 162 221 278 769 371 171 162 254 335  46 857 984  84 677  863 646 409  680  533 953  31 838 550 641 103 945 207
353 440 874 335 616 375 822 714  683 737 796 570 993 899 313  60 960 306 208  735 287  640 142 648 899 781  76 115 569 637 860 682 246 381 669 621  395 733 883  72 168  33 269  434 849  669 944 191 292  34  511  83 990 137  56  85 583 756 425 837 762 572 606 956 845 324  11 977 738 695 696 548 970 752  92 656 597  44 422 470 845 388 480 302 529 870 201  866 575 824  534  122 826 857 624 616  82  77 248 939
532 913 552 327 466 195 509 934  882 184 420 850 720 915 769 936 784 185 823  812 883  151 751 985 773 867 154 262 290 768 945 193 856 852 826 449  783 667 829 688   7  82 486  156 166  823  29  84 876 520  151  11 676 799 176 384 119 565 486 662 781 540 809 571 106 481 566  95 785 639 699  59  95 677 204 779 402 116 774 731 568 420 466  81 993 629 938  493 427 682  774  630 195 266 649 999 692 641 662 483
388 364 283 344 206 507 588 834  327 359 261 267 882 559 283  21 136 239  68  152 414  760 654 749 762 387 614 942 406 178 268 707 784 962 476 349   65 181 373 269 954 425 817  829 478  435 676 579 763 405  175 620 734 810 886 356 739 960 653 227 297 286 658 813 693 728   7 352 363 803  11 479 144 454 572 934  59 896 456 991 459 583 828 639 809 590 157  354 489 924  330  845 407 518 672 137 571 984 123 144
787 968 800 713 300 206 791  91  882 400  88 269 902 363 215 861  54  85 498  811 406   79 264 636  15 101  21 404 511 251 971 828 189 706 618 955  426 929 980 863  56 810  92   98 694  484 174 580 706 346  609  78 573 251 499 442 577 337 564 916 783 696 780 509 722 243 210 924 112  54 895 263  40 649 308 929 512 346 459  15 451 553 974 936 342 341 845  686 454 285  484  501 860 573 667 503 137 676 453 708
576 441 970 517 327 748   5 803  815 979 995 682 489 503 992 993  78 947 132  728 899  480 702 368  98 764 467 267 484 842 737 253 633  77  46 474  187 786 496 474 744 975 416  945 909  612 697 142 319 610  575  74 713 864 145 668 869 702 474 849 987 805 687 381  84 123 110 221 976 191 680  57  11   4 925 690 631 883 631 250 453  32 416 730 338 555 786  868 454 841  812  552 516 218 169 788  29 325 748  42
576 361 757 609 206 509 543 879   43 508 756 428 149   7 948 471 834 215 505  887 818  388 597 547 672 339 623 359 594 374 238 634 898 848 714 813  389  38 765 437 781  52 604  706 296  449 790 798  86 840  695 298 353 310 989 152 922 449 658 523 195 624 594 827 130 224 774 140 569 363 954 821 971 495 593 824 838 160  12 195 728 304 981 553 316 288 699  835 579 497  542  972 965 185 867 924 711  11 757  50
557 206 692 804 736  65 429 972  923 632 641 499 215 743 731 530 940  21 244  692 887  696 981 526 441 506 791 487 931 547 262 562 965 522 820 211  124 130 956 153 428 787 867  319 815  329 976 316 472 941  763 955 409  45 702 983 485 723 681 411 415  26 852  40 910 671   0 110 573 288 991 270 775 720 560 423 376 121 185 844 711  26 220 385 655 629 419  854 778 435   26  312 920 135 683 341 403 857  32 932
706  86 700 726 948 331 724 369  915  58 913 741 241 749 418 622 621 752 884  448 990  136 366 600 607 108 353 803 233 238 212 870 958 960 921 579  561 114 473 747 530 710 352  469 295  393 242 171 219 700  518  37 172 387 609 989 823 303 589  96 549 114 295 905 647 710 557 335 125  80 931 467 815 489 990 470 930 898 509 110  18 580  90 738  47 749 192   66 776 741  944   79 699 483 881 630 701 892  54 381
 33 440   0 726 399  34 844 774  476 285 939 268 388 832 791 957  89 499 748  907 553  776 949 345 194 424 508 452 290 864 508 111 820 547 228 850  528 961  68 969  25 215 222  718 892  807 994 438 178 803  615  34 651 912 860 916 121 729  25 199  73 127 704 576 805 757   3 462  51 554 677 994 481 390 646 492 976 773 407 808  63 846 172 194 237 225 775  405 667 536  888  211 203 641 287 445 757 838 781 827
789 155 854  68 376 698  76 826   90 235 157 733 591 237 365 376 550 702 337 1000 627  735 127 933 543 683 743  28 569 171 861 180 577 528 233 681  593 468 425 455 276 303 407  898  25  780 887 197 520 456  262 740 250 521 702 819 118 314 407 578 456 103  38 385 916  17 927 328 766 327 857 346 361 793 990 343 778 911 353 428 758 868 381 463 733 491 501  544 244 385  924  861 783 414 206 124 180 390 195 863
208 203   0 354 440 204 830 136  216 796 278 260 343 973 902 220 144  62 473  234 188   45 422 532 685 326 960 619 984 708 539 993 298 947 563 428  806 415 996 784 426 631 572  183 706  745 251 487 849 106  780 622  34 662 232 659 812 712  84 847 428 404 200 140 730 572 889 173 478 359 854 457 309 597 211 510 299 567  70 820 612 545 580 606 649 843 818  326 577 837  945  207 905 196 107 854 230 508 141 523
261 790 939 155 865  15 515 159  717 828 449 539 559 932 264 483 630 529 445   53 432  568 483 718 878 736 643  53 383 744 136 269 870 444 370 782   64 162 644 994 738 802 602   35 404  416  30 970 411 553  694 907 911 429 589 390 948 685 292 472 650 990  29  81  57 719  55 804 567 634 960 698 643 115 697 353 351 661 673 123 639 411 758 165 409 468 665  551 838 990  692   35 363 332 286 907 528 504 454 194
395 196  70 259 129 984 638 379  203 118 574 305 986 307 511 764 297 797 239   22 265  898 197 374 690 791 218 985 873 475 943 632 233 520 796 682  322 685 535  31 755 922 832  248  82  193  73 671 912 883  923 462 968  17  17 121 274  74 406 460 611 976 586 931 331 430  28 506 640 952 398 278 915 813 458 630 603 592 322 460 540  43 794 757 481 127 329  551 274 878  103  327 190 127 474 538 299 863 893 498
151  96 974 104  30  11 402 993  292 479 644 181 893 695 578 795 543 243 242  206 824  393 494 131 233 152 728 112  73 707 272  67 400 332 350 267  752 657 697 732 798 499 817  923 717  354 870 766 384 936  681 482 664 659 963 221 612 498 179 599 303 830  15 851 743 952 481 981 213 343 565  66 195 684 841  50 898 942 247 478  57  36 822 359 269 104 419  401 366  75  215  583 803  63 451 193 684 118 428 126
927 959 895 596 414 972 546 259  975 680  38  16 632 851 586 828 625 519 283  293 316  902 838 671 608 430 513  65  98 123 823 310 912 634 852 115   82 465 469 749 265 684 411   46 894  290 644 330 698 414  191 346 977 611 465 603 281 229  12 682 499 873 280 270 455 339 621 152  45 747 402  89 465 621 742 651 279 513 844 315 446 254 254 175 681 295 965   59 418 114  439  782  96 305 716 606 293 246   2 172
541 692 187 252 880 866  46 890  254 846   3 279 537 718 686 874 736 756 287  403 996  244 698 285 678 523 856 626 111 717 293 562 749 311 580  26  853 773 434 526  20 300 919  887 199   52 920 839 162 730  484 644 547  95 624 342 332 556 929 271 180  70 269 742   2 531 182 645 888 787 921 960 147 820 592 981 149 557 641 581 427 796 180 312 126 614 261   80 111 505    8  631 471  59 485 908 428 348 926 529
853 652  16 945 210 305 372 270  667 167 214  50 105 759  55 656 226 832   5  165 383  423 334 258 370 837  65 165 113 168 282 822 754 237 301 834  285 490 834 836 223 766  86  891 421  340 575 571 977 296  664 464 945 977 336 698  73 822 868  93 375 953 814 506 859 735 673 730 881  49 254 461 497  45 271 538 466 904 325 546 632 254 483 994 922 231 740  835 808 770   80  785 629 901 793 755 641 325 986  21
728 804 287 466 102  32 419 864  795 172 342 535 704 561 187 314  69 336 669  804 167  482 254 496  15 575 176 487 733 834 101  94 568 492 752 806  518 428 733 718 763 806 708   72 993  653 278 555 160 350  732 413 866 989 250 139 901 922 871 981 880 660 196 471 842  17  73 388 322 675 564 710 284 421 262 940 257 924 159 834 917 710 832 598 690  41 552  482 414 150  862   36 717 894 868 645   4 255 813  40
642 382 265  45  16 877 694 529   39 386 514  60 653 841 335 448 260 277 900  462 686  728 895 878 432 646 310 365 305 944 361 119 503 523 929 476  279 967 625 303 763 641 590  101 635  400 930 416 935 402  709 231 569 472 177 433 810 519 692 224 785 664 978 131 646 205 315 408 831  96  98 301 968 694 285 996  67 118 245 698 429 870 814 572 185 776 471  644 174 472  551 1000 375 320  95 644 122 211 712 296
551  44 469 615  46 317  78  58   95 667 630 121 785 148 978 942 516 639 432  503 870  869 650 411 660 520 724 340 108 890 199 104  36  82  94 548  230 551 723 834 272 833 589  964 415  599 642 216 945 334  530 493 673 631 597 492 619 815 176 332 584 829 248 447 954 515 863 861 490  81 577 182 482 128 931 512 453 109   9  69  94 568 194 657  50 328 609  810 954 486  149  850  16 343  19 979 525 486 781 824
893 879 642 486 211 979 793 539  981 801  67 691 277 257 382 551 204 846 141  989 140  278 344 762 269 911 445 136 333 239 357 245 340 147 747 636  459 926 490 580 901 557  40   11  51   37 448 852 405 395  763  91 748 978 248 653  27 866 434 174 415 739 618 247 293 785   9  72 207 414 753 269 668 190 868 727 824 850 375 876 351 573 856 901 640 527 350  186 282  54  232  807 667 553 321  17 347 762 951 129
772 636 615  48 996 969 631  16  982 512 175 417 471 800 900 838 146 750  43  944 524  171 111  31 880 138 591 981 236 321  75 809 937  41 174 882  332 569 326 990 630  18 900  248 747  622 653 811 414  79  290 412 504 356  50 300 481 344 396   9 917 561 642 601 933 184 542 479 822 452 777 295 523 297 441 576 444 691 162 226 359  28 295 341 998  66 420   54 177 660  667  453 730 396 992 838 139 594 786 534
181 163 435 239 645 461 641 677  374 791 983 671 867 990 973 254 478 252 413  939 489  870 308 934 124 165  16 211 783 977 590 441 729 428  80 749  818 328 158 780 643 381 998  158 312  825 451 659 458 936  147 819 372 489 410 874 848 498 925 480 463 739 505 169 312 696 141 355 907  82 794 422 238 802 459 254 181 849 210 945 420 537 568 316   1 353 220   64 477  89  193  182 308 717 118 946 925 758 753 874
825 901 550 633  96 844 887 314  906 299 648 339  59 869 992 170  43 941 124  626 551  518 540 756 197 939 507 626 637 719  82 734 494  54 476 450  778 332 105  27 250 158 321  519 229  129 497 499 497 942  279 866 702 737 112 161 360 811 567 863 198 435 229 728 406 394 661   0 894 783 557 421  42 105 463 909 991 951 238 756 626 215 798 190 654 744 779  209 984 972  548  175 219 323  22   8 583 806 194  45
762 588 270 877 906 209 392 171  354 814 465 861 912 789 662 228 974 455 630  646 389  905 178 441 527  66 979 980 365 955 549 727 556 417 640 704  288 863 314 975 240 688 137  205 771  319 490 674 626 761  124 152 788 929 424 326 608 972   8 359 960  15 869 822 445 955 317 715 560 692  19 830 317 110 366 818 234 824 267 707 845 720 493 171 543 726 567  713 884 848  363  116 462 727 265  62 138 698 787 688
901 696 637  57 103 880 903 157  663 105 569 937 847 237 742 308  38 825 719  223 409  546 774 204 346 705 494 800 304 662 764 575 343 610 998 411  624 512 171 867 962 580  71  777 802  477 704 305 949 395  236  15 861 779   9 186 828 876  84 490 536  76 330 928 502 457 139 461 413 912 883 293 227 854 556 346 841 227 498 623 616 499 440 981 114  30 207  141 613 314  974  418 791 226  52 718 707  85 571 459
324  65  22 688 233  84 935 901  244 411 679 274 265 352 847 765 671 488 563  557 224   93 418 885 768  21 337 927 628 369 271 275 167 114 792 371  178 668 265 150 701 228 762  175 954  918 800 733 422 251  461  75 695 714 153 429 474 660 856 676 843 100 848 542 139 173 481 715 950 746 426 563 578 156  52 397 937   6 231 716 185 234 115 475 982 713 207  315 171 216  822  993 251 742 943 673  33 971 906  31
111 149 573 238 646 323 451 555  997 334 829  29 419 945 130 152 379 823 869  601 142   81 126  74 695 872 796 567 269 802 233 276 517  47 924 744    5 479 520 544 606 715 478  840 709  288 358 756  29 387  270 923 871 966 230 645 526 415 973 259 550 908 249 925 307  15 354 481 866  21 614 799 318 999 409 974  34 824 723 812 767 413 454 491 661 354 513  989 473 474  241  604 552 472 499 594 165 699 673  56
166 777 563 371 642 882 443 928   51 590 373 876 499 230  68  28 817 358 166  523 188  161 115 310 523 739 642 712 361 716 236 198 885 894 915 289  351 765 177 303 477 174 770  931 662  730 742 935 902 436  647 960 484 724 124 179 341 820 830 669 965  13 998 281 848 211 885 543 242 944 575 861 828 138 355  45 734 792 216 875 248 632 807 862 289 218 420  793 915 310  119  728 560 626 494 575 856 405 789 810
870 255 240 575 719 324 731 242  854 318 916 387 731 939 960 214 603 209 613  261 915  147 605 557 756 408 599 988 689  27  90 915 157 467 804 552  613 293  57 235 862 127 423  617 528  837 124 751 242  72  326 704  12 748 826  15 141 492 422 402  10 733  96 306 982 960 699 139 176 215 458 980 676 790 435 833 517 537 888 330 336 645 945 968 282 460 349  163 886 622  935  805 180 373 537 627 284 604 869 479
926  71 154 744 769 796 777 168  505 894 116 238 718 631 598 488 894 734 369  469 946  399 580 763 466 562 570 110  14  13 285 495 280 539 889 592  400 818 314 296 643 407 459  441 400   44  98 784 871 791  133  55 888 288 599 687 532 554 641 687 573 896 287  88 778 278  86 748 185 552 896 143  40 890 578 208 506 101 898 753  97  75 172 533 519 611 818  334 736 199  471  863  52 549 150 676 692 682 465 885
 27 401 879 503 102 603 460 725  333 904 128 282 806 692 834 978 478 496 186  211 118  562 546 409 414  27 619  49 216 656 702 253 589 984 947 650  860 141 921 488 818 993 997  121 431  228 477 570 371 848 1000 725 761 453 155  89  77 291 589 903 506 507 407 948 783 864 220 327   3  74 808 144 492 315 219 320 258 362 281  85 475 503 304  79 572 522 993  350 210 297  979  518 197 149 640 848 622 263 513 891
865  38 276 363 192 279 230 292  806 606 342  33 802 862 357 474 579 434 231  915 937  979 794 197 193 830 215 308  39 522 353 799 692 778 608 215  603  44 822 910 593 624 530  985 433  320 695 733 973 221  312 407 401 681 292 749 858 937 953 290 400 942 715 258 948 248 583 253 840  26 529 478 860 768 731 934 736 292 165 242  34 687 486 415 962 623 214  780 422 402  190   48 678 144 341 553 681 359 398 388
698 702 793 923  59 270 422 566  874 696 300  74  63  86  68  16  29 104 273  749 446  758 246 665 722  48 572 480 980 542 746 926 744 618 805 292  147 303 519 972 597 582 250  698 505  522 577 967 207 220  958 937 137 906 233 562  95 467 940 681  76 610 844 206 282 193 594 444 339 310 425 193 504 803 706 240 204 810 926 738 613  58 592 313 492  77 306  613 722 199  958  376 381 438 520 603 801 377 254 873
958 824 337 635 642 287 197 163  826 728 177 704 877 599 360 750 354 464 406  898 992  972 419 243  61  59 163 414 271 643  79 756 345 678 917  22  606  14 146 117  65 313 718  645 304  708 448 706 580 412  134 201 610 786 610 989 981 242 293 699 485 431 515 484 882 692  35  72 498 364 289 905 849 258  65 718 976 563 242 955 835 801 591 615 741 651 147  186 518 459  154  373 856 506 307 463 347 597 632 639
905 438 417  92 920 166 260 711  950   6 433 839 424  61 393 107 825 274 550  698 919  458 291 657 712 675 791  78 950 398 980 519 371 662 224 856  376 712 815 632 318 644 309  571  83  614 941 945 718 434  483 494 754 134 982 270 715 996 214 883 314 566 883 246 659 239 377 784 285 376 659 289 402 281  72 508  11 595 537 721 189 310 818  55 393 579 435  466 982 738  250   32 302 670 710 424 397 563 766  63
747 140 964 144  40 270 259 960  633 978 310 691 737 683 513  39 763 947 275  625 736  927 788 904   6  65 404 811 541 739 141 700 548 875 527 789  196 598  26 642 328 769 823  168 429  366 585 836 987 993    0 938 939 863 122 935 726 668 114 192 224 763 736 424  21 124 175 446 712 615 193 450 344 461 540 740 426 795 390 428 513 478 523  50   9 524 713  497 858 348  202   36 384 293  63 541 937 840 348 951
733 681 447 520 652  21 390 394  206 974 131 422 272 660 903 423 138 979 135  575 657   74 982 676 669 439 306 440  51 714 427 246 422 159 813 724  212 180 448 309  14 739 421  348 242  562 234 870 393 964  919 674 682 794 223 570 462 982 630 109 677 986 816 617 649 557 173 989 723 712 897 176 709 705 843  90 477 962 134 837 313 558 997 741 728 372 387   87 885 738   72  620 190 941  51 948 402 972 652 709
162 766 187 461  82 335 926 754  292 954 643 966 983 341 372 518 864 602 858  798 234  802  86 100 197 383 453 307 524 115 814 646 238 644 725 664  771 764 680 415 959 342 427  404 674   79 685  77 263 176  828 505 437 330 232 208 214 255 945 732 883 947 717 212 998 268 960 970 796  81 714 663 960 141 397 732 554 285  15 347 795 290 344 301 420 935 350   45 751 308  991  976 693 547 109 381 610 240 157 660
636 909 972 874 980 845 910 346  463 736 643 198 836 617 458 920 524 853 323  280 577  888  19 784 689 459 444 816 474 111 736 309 216 784 904 916  530 971 242 235 323 718 933  177 565  814 181 778 695  77  852 997 797 314 634 927 232 221 815 586 261 431  16  21  27 956 379 635 180 132 496 239 453 177 840 703 720 792 947 840 136 359 367 605 421 707 845  186 880   6   83  515 700 649 415 220 210  63 816 904
142  38 271 323 447 844 313 487  396 601 136 444 209 754 108 485 229 411 170  116 200  788 531  23 109 207 960  63  14 409  32 834 325 508 231 818   67 680 766 408 566  89 838  359 925  177 763 764 934 122  232 327 735 108 235 953 269 855 878 845 135 156  69 115 104 367 898 350 302 916 744 225 868 147 886 844 376 307 139 293 864 454 606 801 898 588 156  908 394 186  575  601 493 709 656 290   3 958  57 390
610 159 137 745 311 839 723  80  125 766 370 151 894 436 127 242  38 141 854  805 473  509 869 337 153 637 924 208 793 133 372 225 298 807 442 319  995 128 548 811 307 556 268  391 718  671 446 885 390 247  319 208 870 994 884  83 281   7 278 143 877 650 261 694 732 785 235   4 231 218 531 470 129 662 363 215 570 606 736 951 459  72 145 457 592 275 890  651 663 272  883  549 243  13 844 712 142 809 824 978
368 201  83 891 804 572 789 625  620 708 600 582 962  11 391 631 679  31 417  742 412  451 693 950 297 551 591  21 841 775 264  92 822 564 613 501  345 983 587 909 700 464 824  863   0   60 945 833 530 940    7 489 178 476 607 596 278 750 175 346 486 402 764 559 787 446 791 147 273 994 178 908 935 174 466 407 846 973 113  69 449 344 194 730 873 817 641  489 728 991  518  872 162 224 723 504 141 490 264 225
958 127 608 270 633 278  27 780   10 261 808 853 349 394 433 873 773 921 763  172  67  693 796 568 899  27 380 316   1  29  78 801  31 957 441 993  836 583 541 909 545 468 388  529 837  965 469 264 209 436  870 734  44 498  39 616 534 170 943 769 164 124 960 816 186 573 768 992 877 148 835 820 649 913 690 684 735   8 421 296 873  31 752 641 186 902 915  608 227 968  859  306 419 256 823 553 685 561 858 701
933 733 728 576 691 390 613 306  396 516 663 298 512 837 849 503 635 865 130  882 296  893 995 526 755 766 322 243 932 261 903 772  76 425 362 577  619  39 128 372 243 350 446  728 619  424 508 357 214 841  166 820 661  40  17 158 870 997 875 125 604 839 414 754 735 773 616 507 295 491 453 114 954  81 820 632 275 556 775 810  15 899  42  62 697  23 170  136 104 246  539  428 411 149 741 873 523 254 782 836
758 803 111 407 781   7 582 567  714 235 374 542 592 556 193 669 867 609 446  275 250  481 377 534  21 100 253 216 396 142 834 103 606 108 887 297  706 538 378  51  88 235 491    7 317  395 808 285 665 313  853 911 680 896  84  93 654 450 556 719 239 306 520  82 419 406 840 289 632 784 592 176 213 802  78 585 200 240 545 324 813 974 441 799 984 740 862  711  64 138  427   27 891 838 616 592 442 891 345 316
149  82 325 266 884 374 593 216  888 302 381 587 334 821 688  80 107 614 641  224 117  255 938 517 786 528 528 323 795 586 748 783  31  81 153 796  421 627 520 799 886 671 343  664 443  595 149 351 993 279  606 562 476 481 124 838 544 984 930 402 488 500 981  40 319 707 272 961 953  57  97 221  71 849  31 434 581 774  88 168 554 178 544 498 634 820 220    2 454 813  465  741 109 474 176 340 344 901  99 926
471 157 596 411 996 341 472 546  345 472 241 650 970 643 627  45 870 404 683  950 988 1000 194 408 240 378 434 670 764 466 487 541 719 770 604 404  733 628  30 809   9 816 600  126 558   36 936 186 306 905  583 881 225 267 143 562 851  53 523 665 199 814  28 331 688 158 968 619 502 898 523 520 563 116 489 224 888 611 537 153 140  68 479  95 402 190 284  950 901 146   38  619 337 799 703 186  54 574 386 461
 98 945 430 221 165  76 974 165  587  46  60 362 236 172  78  56 523 261  17  586 423   39 712 289 394 413 676 556 795 613 561 387 357 314 805 154  271 818 824 685 378 769 664   27 711  204 345 975 209 631  272 912 668 879 424 136 715 316 260 944 793 139 214 613 398 729 857 151 941 913 747 693 370 666 328 687 442 324 420 119 502 308 547 149  73 551 550   57 737 460  897  567 232 742 524 992 630  16 993 408
 36 997 860 746 815 632 237 329  932  39 534 829 585  93 163 230 855 499 912  917 640  362 283 682 543 925   1 981 703 111 464  45 931 770 893 261  675 414  18 633 306 923 226  810 466  684  48 476 420  21  123  17  46 677 777 736 690 430 122 389 683 355 649 337 840 571 974 504 747 512 223 239 852 947 789 417  14 107 183 500  31 370 235 326 940 443 144  418 161 638  226  854 525 806  77 511 273 281 280 912
125 896 993 510 585 937 306 671  558 397 203 297 276 104  49 739 271 457 557  924 416  623 663 355 216 571 144 543 824 880 178 974 413  52 342 354  245 787 116 883 646 867  15   80 366  550 427 771 232 968   86 533 686 429 982 443 284  61 591 496 344 417 419 116 461 875 978 271 214 197 111 665 496 552 954 828 490 634 386 528  52  27 436 826 457 250 236  944 714 146  712  640  47 486 749 875 646 595 555 327
  6 846 172  58 407 745 254 162  962 271 635 118 283 859 578 546 106 239 548  877 909  615 301 925 180 184 439 980 923 998   8 162 963 414 681 162   33 293 550 516 342 120 910  619 437  968 954 697 845 826  617  47 936 278 241 946 312 919 609 477  28   2  44 494 379  75 634 292 608 688 372 336 873 269 591 709 277 418 213 750 400 839 501 320 637 378 942  747 405 522  666  376  76 392 381 566 210 555 181 408
719 500 478 768 440 389 247  47   68 609 829 529 156   4 172 189 613 404 680  226 361  790 117 639 466 644  74 867 432 287  24 750 302 443 390 868  977 931 852 998 821  35 529  698 494   66 215 890 352  43  724  78 140 406  22 373 181 957 644 756 227 468  78 512 977 250 367 477  96 464 241 643 978 140 134 220 841 547 999 762 100 911 593 957 523  76 896  124 217  32  954  698 285 371 246 962 404 831 891 402
461 549 689 193 749 968 287 201  945 726 705 898 240 667 393 876  81 568 696  516 955  702 243 608 609 449 595 729 623 638 749 139 163 416 901 145  884 739 247 995 226 821 601  447 359  908 438 866 707 893  748  77 635 158 119 827 798 826 428 362 808 265 508 998 931 482 607 691 990 660 187 152 453 218 595 860 956 966 736   2 327 525 942 936 572  50 626   74  18 619  877  359 468  30 206 248 245 635   5 644
 88 496 583 462 308 268 481 721   42 944 135 796 556 573 666 672 550 564 845  842 105   81 119 135 652 714 228 572 835 358  97 547  48 140 457 506  840 216 448 503 185 104 285  825 306   81 298 357 888 799  696 532 781  47 153 636 664 820 582 406 583 294 931 372  51 508 584 851 362 805 507  98  34 802 428 964 827 170 437 779 495  96 584 161 595 801 923   69 859 121  797  444 335 352  38 678 284 879 797 575
715  60 198 460 671 755 749 901  693 186 863 940 424 496 926 327 992 328 572   58 953  790 305 279  23 922  73 914 910 247 311 345 766  92 146 876  449 623 744 859 803 483 108  837 939  409 496 589  33 850  721 458 714 368 325 666 194 975 296 441 730 991 209 314 316 694  14 883   1 649 549 971 386 486 253 460 277 152 720 812 149  94 936 317 759 201 600   47 626 608   67  869   5 723 632 296 575   0 923 148
248 642 252 859 710 128 199 123  220   7  76 736 597 423 863 611 233 744 173   12 212   53 101 584  36 887 397 839 543 715 805 330 867 790 562 205  183  66 118  55 422 395 527  675 105  832 916 535 516 660  564 702 877 479  35 235 112 880 606 292 442 152 847 481 381 886 862  91 737  38 191 701 686 797 552 424 195 542 143 661   3 467 410 138 547 986 807  177 593 133  552  808 722 465 736 330 651 190 655 581
602 860 607 640 904 430 484 417  767 725 848 252 165  81 887 197 888 328 929  491 346  134 629 945 286 165 658 812 562 886 474 723 771 993 113 360  961 790 720 676 922   3 643  446   5  526 555 557  78 101    8 263 351 868 109 684 113 430 423 831 316 814 566 229 844 501 332 347   4 381 433 736 583 844   0 321 586 588 738 753 493 669  20  76 138 913 248  168 496 838  832  406 953 405 518  27 839 368 213 485
757 275 989 674 680 883 616 653   43 359 510 917 366 784 171 159  86 126 589  983  45  517 695 701 316 533 315  93 930 246  18 806 242 361 670 264  398 127 186 556 335 831 414  273 926  648 615 773 790 665  411 387 708 366 732 947 418 426 236 204 436 134 473  64 907 376 386 805 365  81 755 948 458 840 351 109 423  48 854 269 940 269 302 387 798  55 752   82 566 844  413  828 912 107   5 219 440 433 862 645
756 477 412 237 588 499 345 246   82 247 528 630 211 804 642 596 383 735 427  388 685  161  10 132  78 689 312   3 995 323 576 496 459 915  53 779   64 363 332 721 155 713 758  336   4  578 702 315  20 649  296 458 251 738 394 123 735 797 556 907  75 729 606 329 470 581 365  12 931 586 685 324 863 545 305 388 906 430 475 483 545   3 302 361 867 450 656  666 596  81  928  269 572 240 455 296 951  19 128 779
981 268 610 804 912 101 441 211  567 494 293 498  87 357 639 501 558 134 585   52 371  621 429 613 983 437 846 634 628 135 118 519 355 681 801 460  597 303 846 929 467 610 761  252  96  861 786 478 767  78  469 410 244  45 258 378 185 213 151  73 237 380 867 825 836 298 828 470 695 217 240 196 839 724 473 983 744 843 836 380 902 271 571 731 837 732 688  930 135 139  558  714  47 899 593 245 367 247  64 567
957 604 612 811 116 619 316  59  394 962 610 627 975 990 958 214 972 516 970   30 107  866 713 126 996 338 190 504 470 443 762 391 812  45 118 581  986 247   7 212 786 693 965  686 610  751 820 584 633  71  305 509 127 825 382 735 175 231 875 691 456 848 684 711 967 342 356 160 552 236 305 545 200 249 815 649 430 313 529 599  72 984  47 567  37 460 267  208 590  87  654  973 970 811 965 605 293 547 967 116
266 930 350  47 833 319 739 323  584 920 218 333  92 156 346 647 758 720 276  851 638  875 739  35 297 685 599 954 978 427 988 804 738 643  28 291  420 695 441 583   9 520 664  819 646  618 397 761 924 601  442 846 676 463 969 748 635 348 798 908 731 800 127 846 494 452 630 597 500 442 694 761 260 584  39 187 584 870 264 288 384 851 691 225  43 960 675  652 972 827  735  824 229 114 293 352 845 171 239 876
347 886 145  34 602 652 664 447  570 832 204 679 696 594 741 168 194 604 662  209 339  658 757 795 727 259 308 117 709 212 168 852 241 450 996 384  461 479 278  29 952 295 714  258 486  612 845 581 228 435  915 696 227  80 625 334 189 367 342 333 608 711 589 144 344 229 779  65 743 783 890 754 237 871 485 230 777 407  44 899 412 412 419 151 114 659 850  615 214 802  232  991 941 929 164 143 176 228 369 983
584 451 101 710 519 157 811 849  206  15 109 322 532 766  39 531 761 582 895    5 955  685 701 350 874 434  28 417 604 560 529 656 432 290 245 727   94 497 231 949 672 939 905   30 896  749 398 600 957 196  309 851 245 454 204  20 387  92 871 997 990   9 579 274 253 161 830 716 795 266 709 780 734 740 794  66 461  64 298 465 908 164 942 181 178  24 662  779 812  62  623  535 791 395 902 295 867 116 290 546
846 177 530 138 527 349  68 278  401  47 566 625 462 396 163 113 541 441  96   11 959  985 836 634 959 209  63 711 302 323  66 104 500 328 678 977  790 644 798 816 862 283 265  736 770   58 696  74 989 668  158 103 581 451 581 189 846 567 814 710 368  71 193 921 998 636 391 630 176 818 132  70 582 453 700 567  97 682 721  21 129  30 729 281 921 480 741  954 521 539   40  622 303 885 790 909 752 398 456 412
248 226  74 385 334 929 650 924  485 848 661 944  79 823 956 528 332 944 111  133  56  540 406  12  61  15 414  50 833  90 876 492  49 679 216 746  155 109  21 553  27 334 554   23 170    2 482 345  76 306  263 240 686 934 360 855 613 915 492 883 568 508 844 419 131 114 467 943 216 568 908 928 292 434 379 846 542  90 272 398 758 898 689 147  99 154 873  674 150 533   70   25 732 612 177 616 275 984 522 798
403 898 502  70 955 125 755 798  429 804  95 590 983 964 547  90 193 213 963  984 212  302 809 382 537 807 873 430 885 792 270 886 710 775 733 763  918 314 811 501 333 208 597  739 906   80 276 234 327 984  226 776 632 916 634 185 727 100 594   9 498  54 168 517 233  36  85 648 173 546 388  96 319 614 138 188  64 155 735 365 828 544 547 924 412 311 693  382 293 162  116  998 362 234 440 243 122 504 669 539
629 136 469 816 419 719 606 818  516 790 630 893 946 251 851 469 773 446 698  745 248   98 375  26 109 248 749 709 792 377 101  88 102 230 422 208  128 422 240 183 761 609 305  614 704  598  18 317 913 676  853 299 189 249 191 322 628 255 650 507 998 201 549 314 107 307 222 719 513 736 473 722 221 753 451 230 278 754 534 700 881 863 105 792 706  23 361  580 603 185  912  944 195 239 442 440 775 455  23 479
 41 436 111 231 286 229 725 908  314  56 181 663 381 855 952 219 207 873 753  956 443  670 303 374 806 788 593 379 770 814 182 437 396 464 783 101  126 942 625 412 962 524 772  326  79  268 129 575 234 107  620 681 335 323 355 578 128 234 887 172 390 848 273 279  82  92  10  68  11 286 775 973 479 268 531  43 640 759 694 267 291 935 541 109 647 717 357  884  52 341  828  831 218  34  57 581 245 179 862 949
707 317 745 938 583 619 317 610 1000 469 348 821  40 921 468 410 617 334 915  312 638  562 709  64 804 235  59 210 501  56 799 364 643 455 647 647  320 296 890 714 909 379 644  528  80  902 623  16 565 661   33 378 822 241  61 549 540 328 955 613 325 709 442 371 699 361 699  87 540 621 749 450 559 402 394 736 455  38 201 669 935 721 274  58 918 663 614  419 802 621  979  720 263 706 879 966 682 482 818 167
180 260 108 393 820 639  26 666  528 522 678 724 518 557 318 609 138  16 974  756 403  341 367   5 847 839 519 984 567 878 208 460 825 423 556  64  937 137 736 959  17 493 489  778 267  530 903 933 135 252  140 734 507 916 873  21 259 470 267 328 802 960 752 497 327 754 549 138 341 341 725 811 318 768  10 431 281 159 968 209 248 665   8 474 190 372 916   67 143 289  961  275 609 485  81 276 508 416 504 906
612 253 708 896 812  29 183 408  512 972 511 650 979 365 945 635 785  35 212  710 748  889 729 197 760 777 191 658 474  69 342 913 406 480 788 430  580 622 268 544 920 278 235  616 369  205 645 636 157 101  427 996 307 817 548 213 565 428 161 967 359 860 615 238 461 194 804 825 404 364 365 429 478 567 798 306 732  43 609 129 519 338 159 636 792 430 278  595   4 230  983  535 313 837 800 670  87 930 963 756
714   5 356 290 388 330  67 399  228 102 369 728 253 886 240 935 624 734 470   87 557  446 752 565 459 870 166  76  24 748 848 977  14 140 713 159  158 833 688 938 767 952 377  842 274  833 625 182 480 430  666 980 787 477 490 191 541 444  41 710 162 634 828 380 322 934 528 199 988 438 905 543 853 782 790 697 988 716 996 591 907 408 250  17 789 258 806  398 710 726  404  523 256 621 857 326   9 160 688 436
315 867 268 578 254 385 415 316  950 976 616 445 696 360  55 677 595 293  47  832 964  314 271 773 301 398  72 141 821 687 773 811 107 389 272 981  300 787 213 305 864 569 551  663 501   23 349 635 958 654  577 771 223 506 374 816 933 792 452 341 311 906 982 305 932 505 679 429 921 545 597 967 915 109 405 875 363 212 898 102 444 964  38 835 981 264  47 1000 929 323  116  397 299 908 531 210 326 130 271  52
269   3 225 132 414 774 231 525   18 506 823  89 717 673 573 922 627  93 449  736 979  649 414  20 221   7 938 562 224 359 323 391 754  19 930 812  838 809 407 829 679 311  48  707 407  673 532 839 148  81  484 810 677 274 687 940 725 967  45 148 698  45  45 733   9  82 175 861 816 340 913 368 659 732 625 647 489 897 292 432 432  35 473 932 874 539  85  808 815  38   64  756 738 485 920 156 927 705 613  97
414  50 135 941 346  98 464 419    0 314 372  41 778 751 383 830 399 781 176  418 667  199 392 117 895 532 347  57 813 319 176 595 502 627 274 777  763 271 665 868 321 785 517  740 169  199 617 373  74 634  609 346 517 804 917  26 450 934 562 942 966 849 326 228 780  31 314 125 919 805 784 655 986 270 569 445 772 534 934 753 292 232 856 805 502 316  80  211 998 519  946  615 848 952 563  38 466 611  51 475
907 396 474 346 702 665  79 838    1 261 663  96 722 414 122 625 509  17 118  487 483  919 385 715 373 837 319 262 811 903 528 952 263 183 640 312   45 404 296 507 464 790 612  263 844  269 885 242 536 280  256 838 919 889 160 423 809 880 615 773 551 344 762 409 968 277 126 732 685 305 309 225 984 977 821 841 606 338 580 804  70 765 346 236 494 682 735  234 794 333  242  822 575  95 509 727 851 936 551 580
167 399  22 396 738 546 573  22   54 982 280 439 550 274 233 895 784 888 873   75 434  920 220 393 920 269 539 348 936 506  45 421 998 561 266  37   87 417 573 781 139 796 509   30 616  609  77 953 707 719  996 182 935 566 923 358 605 866  85 559 896   1 513 409 244 778 848 825 263 207 362 548  42 853 424 130 674 352 745 997 792 980 901 803 409 491 810  160 382 109  470  750 808 723 218 649 599 517 614 598
493 949 878 170 466 979 424 612  302 823 106 239 407 244 112 223 884 345 947  592 834  269 318 256 105 493 666 196 670 381  25 917  75 738 676 850  701  22 192 646 171 138 355 1000 106  888 571 153 972 183  740 606  74 388 426 655 515 787 833 431 486 825 247  37 842 531 198 821 359 109 797 590 302 935 179  97 760  80 551  13  72 578 510  51 918 644 698  362 182 558  490  162 751 199 898 404 329 340 440 337
217 809  81 292  38 583 553 359  417 552 464 443 132 252 425 416 175 486 516  550 664  449 386 777 523 788 988  31 202 469 408 788  80 891 128 780  871 601 195 225 360 902 590   57  65  484 449  73 415 407   32 442 358 163 261 658 650 178 643 920 618 372 441 287 455 414 102 977  95 518 184 536 325 590 639 493 265 304 434 811 557  72 629 198 955  84 811  783 117 228  158  665 226 937 640 195 377 928 306  79
800 509  47 125 675 816 630 198  274 482 292  38 303 203 741 892 727 944 890  321 735   64 642 300 388 310  28 980 192 769 714 594 684 659 412 313 1000 887 582 921  20 816 873  278 368  626 386 916 776 213  780 850 658  51 441 134 270 592 905 518 149 590 301 204 937 113 148 490 865 927 668 618  62 909 369 277 134 478 854   5 853 645 737 903   2 213 761  594 727 410  490  433 767 509 969 965 352 882 389 467
657 366 555 891 348 870 524 537  319 420 916 665 771 540 934 781 584 342  99   41 117  408 164 976   4  65  41 581 786 899 389 486 369 764 493 931  680  35 247 103 623 708 347   40 286  962 726 390  16 392  447 207  54 370 981 282 202 421 568 873 150 135 731 674 702 501 412 522 108 136 209 628 934 498 256 901 450 799 800 132 439 571 666 137 781 405 925  127 176 615  286  120 827 429 177 909 776 442 374 794
601 587 147 142 553 174 597 335  989 342  86 138  34 311 272 297 453 755 366   72 888  782 130 989 767 140 903 686 333  12 408  41 196 266 353 960  154 601 465 849 948 590 272   71 827  131 562  86 917  38  317 307  14 276 547 350 480 134 158 909 396 946 629 865 143 240 581 290 616  24 801 742 703 660 468 642 598 138 481 592 240 376 545 122 548 544   0  509 310 196  652  937 155 670 688 356 763 185 235 989
388 773  88 960 172 123 479 427  712 947 178   6 236 687 724 924 105 419 235  713 887  510 845 360 363 799 718  32 181 576 451 661 856 870 384 995  677 338 631 852 195 772 233  853 532 1000 636 370  25 292  260 701 150 772 648 806 512  43  81 601 738 483 582  36 283 953   1 668 964 540 549 874 931 418 630 871 148 152 155 616 570 961 467 355 517 827 668  414 691 909  231  444 687 555 280 914  38 359 619 566
846 972 649 741 295 457 970 385  877 812 248 666 762  86 437 390   9 536 357  288 342   45 748 514 168 815 519   0 568 734 473  93 134 721 802 330  371 554 210 361 433 232 793  408 329  153 523 875 796 915  980 560 410 457 284 288   4 817 966  33 551 156 544 754 735  55 882 493 300 751 948 712 942 297 396 420 466 768 375 831 747 542 653 433 667 874 731  251 677 124   12  960 396 706 398 574 865  39 558  20
156 978 534 524 446 759  43 963  978 822  55 686 625 230   3 496 721 837 370  370 815  852 815 184 724 705 322 810 551 643 874  71 350 638 114 439  511 809 788 747 567  89 509   45 616  294 237  10 312 960    2 934 873 937 701 205 327 978 180 413  93 772 651 373 722 104 896 771  71 550 147  19 421 352 584 174 761 513 938 199 654 426 507 688  10 563 824  588 741 562  134  101 164 920 187 409 301 516 357 241
101  93 854 198 719 441 428 463  574 667 745 515 864 226 896 245 716  61  43  125 942  488  87 195 185 561 488 701 654 822 147 195 991 153 430 698  245 694 817 376 754 978  43  107 635  853 478 690 118 547  772 563 725 317 897 463 116 703 214  33 203 478 938 510 841 692 847 703 345 643 650 589 110 618 538 244 674 769  43 437 122 611 127 337 433 543 734  176 391  60  749   50 309 562 401 570  13 579 431 276
210 177 363 455 316 707 200 637  718 883 251 788 606 357 974 253 488 722 186  154 201  479 309 945 469 985 188 522 352 497 216 895 568 395  86 874  628 490 727 903 274 643 860  905 159  349 895 106 387 684  766 278 318 629 186 100 407 378 939 224 376 236 146 233 643 997 762 655 981 730 152 276 432 317 812 468 464 141 149 249 915 726 326 480 467 626 724  685  22 175  195  180 805 481 922  48 379 683 765 681
870 810 134 405 953 359 312 747  805 454  50 565 436 232 852  69 336 295 492  935 883   38  66 341 765 555 914 590  24 927 839 570 901 835 691  97  289 867  73  89 396 321 245  910 846    9 941 580  25 776  839 113 540 787 333 797 876 333 498 896 266 826 684 569 755 174 444 108 254 293 749 978 173 320  26 846 187 331 676 640 518   0 629 898 577 343 893   27 735 424  250  910 181 746 131 695 446  83 622 952
188 339   3 196 809   5 575 161  850 238 945  48 608 921 174  70 545 552 393   22 101  779 802 799 297 571 907 234 524 912 875 586 497 385 571 148  481 674  90 156 578 825 468  235 431  306 169 219 361 997  170 484 396 998 856 511 841 949 527 407 347 352 547 286 547 468 700 420 738 978 356 316 965 537  20 965 207 355 536 759 368 415 917 102 502 813 552  857 817 627  407  438 146 944 501 650  17 929 121 438
423  28 551 138 947 260 524 344  360 759 483   0 644 591 175 142  89 632  54  534 541  272 393 166 557 199 761 143 950   3 850 871 923  95 739 628   22 833 786 853 162 127 798  494 609  693 953 748 898 113  178 639 416  37 178 678 602 946 313 295 637 186 869 581 679  75 901 513 904 869 100 219 882 309 882 623 838 516 630 221 987 857 891  83  87  30 431  217 303 410  350  221  44 545 479 342  44 999  68 115
230 857 245 169 615 262 491 778  550 324 982 770 398 640  50 233 653 841 640  355 901  833 451 979 947 659  10 516 208 737 912 281 133 536 527 618  786 151 517 416 124 729 948  990 171  117 477 912 513 903   24 125 410 375 525 187 124 527 932 709 639 686 994 125 489 209  35 923 341 604 220 368 336 701 381 903 299 233  79 531 336 239 915 230 583  11 348  116 408 146   37  178 824 100 486 548 742 819 432  73
975 221  16 523 635 889 929 323  412 776 685 920 761 877 665  35 501 666 397  120 328  984 165 719 881 128 814 879 963 194 322  70 674 643 116 590  231 293 436 858 124 165 744  297 514  964 507 648 862 964  400 906 397 137 239 188 780 944 546 423 322 865 901  47 234 432 414 650 104 674 720  99 146 799 779 236 925 726 420 636 114 829 704 860 651 106 147  977  56 757 1000  668 209 455 595 896 416 420 494 961
684 812 125 826 107 377 657 254  351 609 331  12 609 287 382 881 578 316 129  353  94  490 625 118 831 952 162 254 503 620 611 448 171 882 818   9  785 241 526 514 867 316 505  482 716  265 801 366 379 226  835 705 248 964 188 114  35  52 774  36 781 144 523  28 518 458 447 175 530 537 880 158 972 764 239 129 332 658 724   4 638 313 575 859 917 351 185  919 116 242  355  265 296 186 345 709 415 639 272 113