 828 938 847   8 204 370 666 517 338 722 535 805 497 682 752 531  68 658 891 581
1000 233 295 268 173 752 586 979 737 472 710 547 370 494 585 776 885 548 506 514
 176 137 146 387 739 468 921 923 307 708 642  45 889 224 851 871 719  82 213 224
 701  40 292 525 361 137 317 454 202 552 737 312 515 324 954 548 501 676 202 367
 358 959 296 723 177 340 863 553 614 822   4 621 339  35 166  90 696 257 104 701
 670 319 829 381 864 624 164  10 524 478 411  22 815 370 585 839 950 595 246 340
 553 722 928 788 782 151 129 921  81 249 687 277 401 826 296 659 276 495 998 564
 641 973 764 491 300  67 709  43 267 796 258 236 671 844 326 235 599 343  21 959
 536  71 439 564 171 439 157 127 604  14 320 558 509 215 886 945 630 600 845 717
 543 602 916 637 122 485 878  50 879 949 978 458 227  38 829 125 447 929 200 886
 951 639 202 539 623 439 871 549 994 606 779 498 193 708 127 214 482 645 857  28
 912 569 867 158  35 275 520 445 723 666  59 383 896 226 374 912 895 614 759 767
 511 432 424 618 470 580 599 376 446 444 199 530 771 739 396 217  71 516 972 916
  20 471  90 932 500 122 182  44 298 102 884 936 725 209 464 500 198  69 440  89
 594 411 924 581   7 568 217 161 287 226 679 506 514 127 556 678  53 370 694 977
 126  16 457 475 537 851 825 461 139 700 541 807 735 128 920 757 174 537 262 761
 402 712 742 671 830 464 828 389 110 662 737  36 317 845 222 681 584 495 844 285
 750 914 166 992 259 805 993 544 653 689 662 305 607  75 295 623 767  67 237 246
 845 490 638 250 112 530 336 137 610 968 845 149 232 298 364 994  81 130 599 562
 347 272 563  13 903 950 178 931 290 555 421 324 747 900 159  93 286 741 471 135