350 184 632 105 282 127 758 843 814 317 580 995 168 166 115 496 861 795 919 285 106 325 948 326 779  79 625 381  35 260  89 144 200 889 595 816 401 842 498 157 168 687 524 281 632 299 189 690 310 542
961 290 552 360  34 446 189 211 648  45 460 750 612 329 667 378 326 945 598 404 849 797 874 152 378 572 322 593 825  27 266 417 223 672 590 943 971 212  89 444 337 924 269 699 449 215 327 996 939 804
761 347  53 822 157   2 182  53 453 977 284 215 558 636 547 357 321 917 160 953 527 956  53 697 664 223 631 946 905 675 828 372 443 496 522 252 719 782 471 387 801 793  61 697 388 936 281 621 798 343
144 844 187 530 473 918 874 669   4 204 708 340 820 408 671 352  72 779 804 343   2 854 739 127 852 918 566 754  61 687 887 112 738 974 106 132 791 590  76 119 192 104 976  26 985 287 778 511 630 111
227 998 359 697 184 330 800 118 424 413 975 424 762   1  21   5 914 176 234 894  21 406 967 713 921  48 218 410 436 640 334 218 190 315 208 592 189 121 708 673 815  79 657 218 880 349 293  21 542 410
614 833 297 615 263 959 365 600 141 838 160 818  14 437 847 565 398 978 501 798  75 903 161  32 634 119 285 577 103 309 348 599 529 813 797 813 193 647 385 417 378 754 639 734  76 710 174 438  88 630
544 335 565 143  21 113 344 866 929 263 885 199 768 598 202 206 229   3  32 301 128 705 584 766 375 542  78  66 107 599 241  20 476 499 820 120 327 656 511 644 661 909 221 465 424 913 602 273 210 261
627 216 560  13 773 813 173 238 267 452 723  28 766 873 414 100 207 626 855 815 951 302 466 530 333 323 671 314 455 971 281 660 205   0  62 296 784 532 177 666 394  70 243  33 878 476 815  16 796 951
673 209  98  41 623 553 293 552 899 392 722 253 962 880 706 742 156 544 144 230 110 577  36 627 975  56 265 356 169 342 105 790 486 408 679 120 449 637 605 414 474 525 326 850 618 256 246  29 745  26
827 273 141 207 531  90 375 445 469 266 287 707 826 471 675  98 807 130 408 188 730 389 402 759 340 285 146 501 420  85 995 133 614 318 340 294 305 911  64 645 975  42  61 404 706 325 839  21 553 165
668 959 338 707 523 134  48 978 897 143 746 192 907 458 980  87   7 525 824 773 714 368 179 171 357 986 182 439 965 257 560 486 522 376 731 258 389 947 610 212  90 464 528 822 270 400 758 176 569 549
409 756 716 535 175 424 365 709 927 984 447  52 782 561 570  21 721 189 489 956 609 533 238 791 168 562 217 878 582 426 661 158 574 516 338 376 254  43 841 910 685 228 468 576 905 144 134 125 715  38
121 234 760 883 903 976 551 190 336 653 787 850 597 433 996 928 434 865  30 488 687 515 240 463 275  70 871 206 398  33 265 891  23 730 406 714 605 264 743 674 285 910   9  13 380  28  84 414 643 274
725 223 252 838 556 826 387 578 522 280 952  48 183 167 834 835 935 204 319 588 694 309 243 724 461 673 404 393 404 898 396 854 571 334 435 849 303  41 764 545  83 328 447 217  89 471 387 671 776 305
787 764 640 172 679 345 379 779 466 979 584 746 579 627 538 605 154 232 382 165 770  39 727 242 484 979 138 624 720  20 939 662 403 621 586 153 589 145 819 878 311 429 982  53 750 512 144 564 676 343
 43  47 683 715 111  38 452 585  57 158 238 811 372 117  29  21 339  37  19 743 110 359 438 331 606 446 858 416 997 122 442 989 597  87 708 710 632  47 755 297 689 465 181 376 911 454 708 454 720 534
377 364 684 299 591 841 895 480  69 479 972 811 209 790 784 742 820 980 451 605 674 196 564 791 929 630 539 420 782 145 358 982 926 737  66 819 774 886 231 101  39 937  51 704 104 785 420 700 852 140
658 486 696 279 245 725 474 462 964 522 232 993  46 659 325 116 377 715  84 284 563 276 564 397 301 223 330  39 746 336 929 148 827 330 193 788 112  16 459 533 546 888 208 249 476 245  31 375   3 320
617 996 349 340 553 534 207 904 657  37 884 313 616 314 393  37 354 397 844 541 896 283 190 453 871 999 598 470 260 528 190 733 448 124 544 145 440 355 452 875 868  16 734 743  30 357 999 724 187  69
315 201 850 634 894 763 283 605 379 387 997 374 207 756 820 426 289  45 444 835 604 140  26  49 508 509 195 926 259 697 846 541 307 315 321 298 926 783 577 185 620 366 961 506 265 803 106 265 401 208
808 402 673 475 724 430 808 979 168 258 751 606  91 477 845 710  22 412 564 354 241 535  22 464 593 842 531 628 197 999 975 682 534 201 247 946 648 599 111 730 840 280 750 527 333 392 626 754 195 323
748 575 138 218 581 977 291 115 618 830 796 103 839 154 171 912 200 147 958 635 166 412 404 660 286  39 338 879 610 209 833 196 226 330 323 493 260 672 805 621 991 783 283 346 876 401 865 233 621 354
645 263 970 318 533 235  89 566 885 578 645 566 274 621 721 510 825 411  48 111 658 223 138 713 744 339 779 148 167 532 549 290 763  27 562 911 122 508 123 355 322  90 597 529 249 383 389   0 894 300
168 527 430 554 897  10 741  40 332 584 567 177 487 702 945 625 638 436 182 213 557 525 137 695 322  62 499   1 888 359 275 950 591 765 750 466 130 855 167 313 804 370  99 952 487 357  71 439 563 926
164 368 965 679  12 494 859 356 478 476 171 895 851 716   0 313 130 511 573 606  52 994 237 572 313 240  37 380 828 100 233 595 780  40 589 795 920 792 140 555 738 922 871 368 829 469 644 571 308 825
771 566 823 148 263 900 744 567 395 240 707 175 616 851 835 673 365 146  48 800 941 719 946 348 116 558 289 452 760 360 499 573 700   3 682 188 508 671 147 924 331 450 809 420 677 911 461 418 710 941
172 845 629 759  34 321 491 498 318 413 689 454 530 111 694 467  58 226 383 759 145 343 814 837 244 553 643 205 394 377 855 898  33  18 782 226 903 848 228 589 329 473 111 904 686 717 786 665 277 648
890 886 403 534 624 235 892 135 155 628  89 886 690 829 381 189 296 643 830 184 166 133 299 967 949 317 901 424 277 825 311 808 491 613 327 639 903 348  33 293 433 658 660 886 282 866 273 407 402 413
559  21 330 435 289 148 669 676 422 158 243  73 986 619 884 289 798 521 849 917 742 861  67 546 292 333 823  71 582 925 904 237 394 667 582 625 484 115 857 398 145  47 235 579 636 917 814 562 896 978
 56 764 423  29 558 321 691 488 237 783 811   7 917 754 439 464 522 947  58 334 845 111 814 863 838 272 806  31 133 830 952 405 807 226 649 992 276 889 349 124 883 782 665 585 622 941  57 232 772 857
171 751 512 719  61 771 124 462  71 257 849 806 705 330 748 776 132 332 323 548 646 672  56 910 287 432 794 750 833 280 670 142 262 272 163 534 472  36 499 217 239 742   7 762 683  73  99 880 657 522
648  69 856 426 355 440 791 451 449 522 917 401 983  23 591   7 245 216 992 508  97 956  36 533 716 206 138 362 368 659 527 936 192 228 651 456 118 471  42 340 890 148 185 975 127 602 989 841 459 578
908 618  76  34 558 724 429 208 975 256 928  74 770   5 486 143 779 911 686 380 202  76 712 615 368  81 565 945 510 460  74 409 894 183 490 252 207 731 410 919 590 803 457 871 792  75 617 183  95 638
 81 769 541 588 717 775 811 263 579 973  13 118 203 260 704 796 710 919  38 598   4 718 488 156 954 734 423 611 644 208 590 574  25 610 846  99 342 493 963 496 404 936 858 433 194 313 400 864 201 851
985 962 128 170 744 767 104 923 596 383 863 950 778 356 167 452 802 778 831  82 545 750 952  98 316 905 658   0 834  71 114  80 932 105 630 219 730 729 518 938 292 179 178 681 791 850  32 524 439 346
134 503 610  57 503 121 222 739 231 896 638 143  89  46 346 925 292 865 269  66 145 385 661 778 627 588 846 327 864 996 479 189 457 836 921 682 358 681 892 740 595 939 214 635 339 527  83  21 547 367
 19 757 422 897 397 523 977 147 653 520 714 399 391 207 711 903 965 320 183  27 871 452 428 160  60 879 133 135 806 623 743 300 524 218 865 573 299 899 473 490 192  40 553 735 381 902 770 202 731 128
330 164 189 980 221 535 370 694 624 459 540 454  48  85 768 938 484 752 542 161 299 677 836  67 668 209 780 455 105 545 292 273 750 515 933 571 244 112 252 896 539  85 185 745 649 484 723 835  32 384
917 286  78 928 911  15 364 514 903  92 364 401 292 503   6 772 860 889 426 820 700 784 652 332 893 453 677 494  15  63 162 419 777 659 511  14 710  90 217 952 121 167 361 818 515 765 515 370 862 447
303 470  34 781 800 678 876 669 815 930 648 666 780 596 620  61  35  59 220 947  34 714 758 898  44 714 398 755 660 568 278 319 164 255 206 440 811 226 123 176 443  83 743 466 856 474 167 150 949 430
795 809 869 650 524 291 968 438 697 596 628 244 196 498  35 950 316 262 258 376 419  48 367 892 522 408 911   9 261 820 965 823 351 276 371 693 236 977 355 164 593   0  79 362 802 731 484  78 244 174
 98 285 377 101 143 832 783 277 185 749 155 742  72 229 745 690 718 208 462 106 434 578 952 422 709 311 640 759  60 831 385 657 798 586 309 187 936 248 887 190  64 252 527 454 307 957 782 709 376 990
787 698 376 888 270 494 509 312 683 136 261 726 667 672 757 643 287 730 439 364  94 407 596 703 778 859 628 847 586 586 848 103 212  72 702 776 472 556 108 912 216 584 524 786 439 985 362  76 556 241
447 563 727 585 481 426 429 349 357 906  12 745  24 809 969 904 771 858 390 940 613 688 489 515 578 872 827 617 186 894 625 136 950 231 529 867 168 392 562 198 841 108 840 278 537 186 970 160 548 942
922 719 110 960 992 436 381 654  50 270 486 638 261 576 341 756 644   1 575 714 975 206 161 926 378 129 895 680  22 528 465 940 887 319 862 509 570 576 593 781 815 463 266  55 270 508 568 926 265 719
275 785 231 195 908 974 743 647 628 462  33 526 847  76 668  50 631 871 788 998 223 704 525  98  32 775 859 918 679 604 975 503 939 532 772 485 313 849 830 805 487   7 128 484 601 574 823 800 828 931
444 815 254 877 249 505 321 397 352   1 507 492 416 318 575 709 227 105  82 354  10  22  39 464 841 508 460 614 527 416 104 378 612 833 348 463 582 336 300 596 491 125 185 454  98 732 267 296 782 493
342 248 399 255 105 720 162 172 167 953 879 329 536  85 964 396  89 370 392 624 987 996 652 116  49 296 479 231 188 353 452 809 361 551  17 688 449  73 781 232 200  70 775 809 671 952 912 293 375 473
  3  38 167 200 406 682 540  45 849 184  60 500 548 507 985  31 989 582 517 447 417 947 171 172 580 634  88 758 657 187 331 637 291  47 779 699 920 205 245 528 846 488 308  79 232 815 954 455 937 954
 19 671 813 435  45  87 690 956 950 662 311 914 441 710 762 526 494 108 437 121 807 444  18 114 742 982 341 946 441 278 950 464 866 443 714 891 676 858 176 291 181 921 497 830 753  57 639  17 240 100