dla: 10
2
2
1
1
1
1
1
1
1
1


dla: 50
229
19
17
15
16
15
15
15
15
15


dla: 100
81
77
77
73
317
301
154
369
350
204


dla: 500
2286
2338
2556
3494
2603
1938
2010
3135
1987
1998


dla: 1000
8838
6584
7388
7748
14391
12441
9440
8143
7202
6970


dla: 2000
30358
29964
26871
25582
23331
26459
30879
33791
37630
32205


dla: 5000
215648
163437
197140
175456
174317
179851
167521
164482
153779
144381


dla: 10000
593386
596660
593577
602714
622270
642714
634574
604294
605152
606737


dla: 20000
2456108
2453141
2373372
2416707
2333471
2427692
2379633
2376756
2413283
2469707


dla: 50000
16080394
16511040
