-46304
 -29806
 -13115
 -10757
 7826
 12543
 15517
 34149
 38089
 55369
 

-52775
 -52165
 -52066
 -46304
 -39490
 -38680
 -38400
 -38221
 -35969
 -32465
 -29806
 -24594
 -17366
 -15752
 -15179
 -13115
 -11948
 -10858
 -10757
 -4448
 -4193
 2270
 7826
 11461
 12543
 12807
 15517
 15576
 18113
 18211
 22452
 27275
 29158
 34149
 38089
 38833
 38919
 39268
 42702
 46319
 51094
 52207
 52553
 52977
 55369
 56705
 59039
 59893
 61420
 64632
 

-61957
 -60455
 -57061
 -56673
 -55665
 -52851
 -52775
 -52165
 -52066
 -51705
 -46355
 -46304
 -45061
 -43943
 -43053
 -39490
 -38680
 -38400
 -38221
 -37453
 -35969
 -34601
 -33013
 -32465
 -31694
 -29806
 -29348
 -29172
 -28582
 -27207
 -25535
 -25300
 -25147
 -24594
 -21187
 -17366
 -15752
 -15179
 -13115
 -11948
 -10858
 -10757
 -5007
 -4448
 -4193
 -699
 1926
 2254
 2270
 4544
 7826
 9249
 11461
 12543
 12807
 15029
 15307
 15517
 15576
 18113
 18211
 20071
 20869
 22452
 27275
 29158
 31677
 32205
 34149
 34281
 34684
 36522
 38089
 38187
 38833
 38919
 39268
 42532
 42671
 42702
 44597
 45274
 46319
 47282
 47451
 48278
 51094
 51558
 52207
 52553
 52977
 53985
 55369
 56705
 59039
 59893
 59902
 61420
 62111
 64632
 

-64864
 -64235
 -63323
 -63108
 -63019
 -62933
 -62753
 -62272
 -61957
 -61652
 -61147
 -61122
 -60809
 -60762
 -60652
 -60455
 -59371
 -59231
 -59090
 -58763
 -58730
 -58475
 -57899
 -57898
 -57061
 -57047
 -56868
 -56679
 -56673
 -56345
 -56069
 -55665
 -54101
 -53879
 -53853
 -53335
 -53071
 -52851
 -52807
 -52775
 -52165
 -52109
 -52066
 -51887
 -51705
 -51595
 -50778
 -50667
 -50539
 -50330
 -50291
 -50051
 -49486
 -49459
 -49270
 -48983
 -48826
 -48795
 -48443
 -47519
 -47436
 -46917
 -46902
 -46742
 -46355
 -46304
 -46014
 -45878
 -45851
 -45811
 -45693
 -45691
 -45405
 -45105
 -45061
 -44003
 -43943
 -43250
 -43093
 -43053
 -42911
 -42724
 -42340
 -41729
 -41120
 -40959
 -40634
 -40570
 -40380
 -40333
 -40160
 -39608
 -39500
 -39490
 -39020
 -38680
 -38493
 -38400
 -38221
 -37732
 -37699
 -37698
 -37453
 -37286
 -37059
 -36957
 -36870
 -36398
 -36311
 -36174
 -35969
 -35886
 -35607
 -35486
 -34986
 -34726
 -34601
 -34550
 -34095
 -33798
 -33494
 -33013
 -32987
 -32684
 -32580
 -32465
 -32231
 -32000
 -31877
 -31694
 -31300
 -31265
 -31235
 -30372
 -29842
 -29806
 -29742
 -29680
 -29667
 -29464
 -29398
 -29393
 -29348
 -29172
 -28642
 -28582
 -28341
 -28279
 -28146
 -27643
 -27342
 -27207
 -27142
 -26748
 -26140
 -25535
 -25472
 -25300
 -25147
 -24978
 -24761
 -24594
 -23958
 -23735
 -23589
 -23104
 -22650
 -22454
 -22157
 -22004
 -21992
 -21187
 -20179
 -20172
 -18825
 -18616
 -18424
 -18280
 -17479
 -17366
 -16695
 -16621
 -16490
 -16360
 -15994
 -15752
 -15179
 -15140
 -14856
 -14705
 -14590
 -13925
 -13855
 -13115
 -12543
 -12388
 -12388
 -12383
 -11948
 -11644
 -11504
 -11498
 -11104
 -10858
 -10757
 -10604
 -9919
 -9224
 -9124
 -8497
 -8485
 -8470
 -7937
 -7669
 -7492
 -7441
 -7399
 -6604
 -6072
 -5925
 -5885
 -5799
 -5740
 -5680
 -5542
 -5007
 -4879
 -4784
 -4753
 -4735
 -4448
 -4417
 -4193
 -4161
 -3893
 -3147
 -2055
 -1870
 -1664
 -1643
 -1468
 -1163
 -904
 -858
 -801
 -732
 -699
 -539
 -523
 -186
 -170
 49
 792
 895
 1264
 1285
 1415
 1426
 1566
 1771
 1926
 2076
 2254
 2270
 2405
 2721
 2780
 3352
 3437
 3927
 3971
 4464
 4494
 4498
 4544
 4691
 4859
 5008
 5269
 5435
 5663
 5789
 7595
 7826
 8434
 8982
 9249
 9266
 9501
 9626
 9673
 9737
 10696
 11180
 11461
 11680
 11824
 11945
 11963
 12131
 12329
 12543
 12746
 12761
 12769
 12807
 13149
 13459
 14053
 14957
 15029
 15078
 15175
 15307
 15517
 15576
 15746
 15768
 15922
 17380
 17418
 18113
 18138
 18211
 18435
 19320
 19817
 20071
 20092
 20262
 20507
 20869
 21097
 21477
 22017
 22251
 22452
 22597
 22675
 23300
 23629
 23782
 25447
 25651
 25807
 27219
 27275
 27476
 27510
 27807
 27862
 28133
 28677
 28991
 29084
 29158
 29667
 29716
 30378
 30584
 30669
 30927
 31206
 31273
 31392
 31429
 31677
 32010
 32205
 33457
 33521
 33604
 33961
 34149
 34281
 34410
 34684
 34691
 35049
 35329
 35633
 36454
 36522
 36545
 36713
 37149
 37375
 37965
 38000
 38089
 38124
 38187
 38351
 38833
 38919
 39040
 39113
 39192
 39268
 39324
 39325
 39482
 39929
 40230
 40495
 40681
 40726
 41418
 42301
 42328
 42440
 42532
 42617
 42671
 42685
 42702
 43265
 43427
 43811
 44184
 44292
 44597
 44775
 44952
 45274
 45562
 46319
 47282
 47451
 47555
 47720
 47813
 48278
 48451
 48726
 48802
 48932
 48974
 49760
 49941
 50866
 51094
 51184
 51528
 51558
 51611
 51882
 52037
 52188
 52207
 52398
 52553
 52615
 52965
 52977
 53051
 53781
 53985
 54184
 54923
 55232
 55369
 55655
 55916
 55998
 56380
 56496
 56597
 56705
 56828
 57196
 58259
 58660
 58856
 59039
 59601
 59823
 59893
 59902
 59938
 60004
 60460
 60695
 61236
 61420
 61566
 61706
 62111
 62298
 62377
 62384
 62737
 62816
 62899
 63073
 63086
 63488
 64632
 64824
 64824
 

-64893
 -64864
 -64853
 -64322
 -64235
 -64110
 -63923
 -63606
 -63574
 -63559
 -63340
 -63323
 -63285
 -63277
 -63228
 -63136
 -63108
 -63055
 -63019
 -62960
 -62933
 -62753
 -62483
 -62272
 -62217
 -62116
 -61957
 -61861
 -61681
 -61668
 -61652
 -61147
 -61122
 -61099
 -60961
 -60917
 -60809
 -60762
 -60652
 -60644
 -60545
 -60455
 -60072
 -59964
 -59645
 -59371
 -59231
 -59090
 -58956
 -58889
 -58816
 -58763
 -58730
 -58475
 -58377
 -58119
 -57899
 -57898
 -57821
 -57793
 -57386
 -57233
 -57172
 -57061
 -57047
 -56868
 -56776
 -56736
 -56679
 -56673
 -56355
 -56345
 -56069
 -56045
 -56044
 -55665
 -55498
 -55445
 -55398
 -55316
 -55257
 -55160
 -54108
 -54101
 -53985
 -53879
 -53875
 -53853
 -53335
 -53214
 -53071
 -53060
 -52851
 -52807
 -52775
 -52595
 -52578
 -52523
 -52170
 -52165
 -52109
 -52066
 -51961
 -51887
 -51873
 -51705
 -51682
 -51639
 -51595
 -50920
 -50897
 -50778
 -50761
 -50667
 -50539
 -50330
 -50314
 -50291
 -50051
 -49779
 -49766
 -49521
 -49516
 -49486
 -49459
 -49270
 -48983
 -48826
 -48795
 -48665
 -48570
 -48443
 -48194
 -48055
 -48054
 -48007
 -47977
 -47533
 -47519
 -47488
 -47436
 -46917
 -46902
 -46742
 -46706
 -46654
 -46426
 -46355
 -46354
 -46304
 -46099
 -46014
 -45878
 -45851
 -45811
 -45693
 -45691
 -45405
 -45373
 -45135
 -45109
 -45105
 -45061
 -45014
 -44684
 -44403
 -44129
 -44003
 -43943
 -43920
 -43898
 -43727
 -43509
 -43492
 -43250
 -43093
 -43053
 -42911
 -42724
 -42340
 -41729
 -41120
 -40959
 -40753
 -40634
 -40623
 -40620
 -40570
 -40380
 -40333
 -40160
 -39608
 -39546
 -39500
 -39490
 -39020
 -38879
 -38703
 -38680
 -38493
 -38400
 -38221
 -37999
 -37837
 -37732
 -37699
 -37698
 -37583
 -37527
 -37453
 -37317
 -37286
 -37059
 -36957
 -36870
 -36667
 -36608
 -36452
 -36409
 -36398
 -36358
 -36311
 -36287
 -36249
 -36231
 -36174
 -35987
 -35969
 -35886
 -35734
 -35607
 -35559
 -35486
 -35241
 -35219
 -35040
 -34986
 -34892
 -34726
 -34633
 -34601
 -34550
 -34485
 -34095
 -33903
 -33798
 -33527
 -33494
 -33317
 -33170
 -33048
 -33013
 -32987
 -32783
 -32684
 -32580
 -32467
 -32465
 -32231
 -32229
 -32131
 -32000
 -31965
 -31877
 -31694
 -31658
 -31432
 -31300
 -31273
 -31265
 -31235
 -31150
 -31105
 -30837
 -30825
 -30794
 -30372
 -29842
 -29806
 -29800
 -29742
 -29680
 -29667
 -29646
 -29464
 -29398
 -29393
 -29348
 -29172
 -29142
 -29041
 -28787
 -28642
 -28582
 -28562
 -28404
 -28373
 -28341
 -28279
 -28146
 -28055
 -27703
 -27643
 -27342
 -27207
 -27154
 -27142
 -26785
 -26748
 -26140
 -25535
 -25472
 -25300
 -25147
 -24978
 -24865
 -24777
 -24761
 -24594
 -24540
 -24208
 -24098
 -23958
 -23771
 -23735
 -23589
 -23448
 -23361
 -23273
 -23139
 -23104
 -22678
 -22650
 -22549
 -22454
 -22382
 -22157
 -22043
 -22004
 -21992
 -21880
 -21699
 -21497
 -21187
 -21112
 -21088
 -20906
 -20862
 -20355
 -20288
 -20179
 -20172
 -19915
 -19866
 -19572
 -19516
 -19359
 -19046
 -18825
 -18691
 -18616
 -18449
 -18424
 -18280
 -17800
 -17637
 -17580
 -17479
 -17366
 -16695
 -16621
 -16490
 -16360
 -16356
 -15994
 -15752
 -15179
 -15140
 -15082
 -14876
 -14856
 -14845
 -14705
 -14606
 -14590
 -14418
 -14307
 -14271
 -13950
 -13925
 -13855
 -13382
 -13246
 -13115
 -12543
 -12460
 -12388
 -12388
 -12383
 -12364
 -11948
 -11803
 -11644
 -11504
 -11498
 -11273
 -11209
 -11196
 -11104
 -10858
 -10757
 -10604
 -10424
 -10336
 -10236
 -10229
 -10176
 -9919
 -9649
 -9224
 -9200
 -9124
 -9071
 -8882
 -8829
 -8684
 -8641
 -8497
 -8493
 -8485
 -8470
 -8444
 -8439
 -8369
 -8217
 -7962
 -7937
 -7692
 -7669
 -7517
 -7492
 -7441
 -7399
 -7147
 -7084
 -6738
 -6726
 -6604
 -6072
 -5925
 -5922
 -5885
 -5799
 -5740
 -5729
 -5680
 -5542
 -5047
 -5043
 -5007
 -4879
 -4784
 -4753
 -4735
 -4448
 -4417
 -4193
 -4161
 -3893
 -3628
 -3456
 -3262
 -3160
 -3147
 -3016
 -2894
 -2805
 -2585
 -2505
 -2055
 -1870
 -1692
 -1664
 -1643
 -1468
 -1199
 -1163
 -904
 -858
 -801
 -736
 -732
 -699
 -539
 -523
 -435
 -186
 -170
 -30
 49
 153
 792
 895
 1068
 1264
 1285
 1317
 1415
 1426
 1530
 1566
 1579
 1771
 1773
 1926
 2076
 2254
 2270
 2405
 2480
 2535
 2721
 2780
 2874
 3031
 3091
 3352
 3437
 3626
 3800
 3912
 3927
 3951
 3971
 4086
 4327
 4350
 4464
 4494
 4498
 4532
 4544
 4691
 4730
 4859
 5008
 5269
 5280
 5342
 5435
 5663
 5787
 5789
 6234
 6516
 7595
 7715
 7826
 7830
 8434
 8456
 8628
 8651
 8834
 8982
 9008
 9087
 9249
 9266
 9349
 9365
 9403
 9406
 9500
 9501
 9598
 9626
 9673
 9679
 9737
 9973
 10179
 10192
 10417
 10498
 10696
 10866
 10933
 11180
 11343
 11381
 11461
 11559
 11609
 11665
 11680
 11824
 11844
 11945
 11963
 12016
 12131
 12329
 12381
 12543
 12746
 12761
 12769
 12807
 12940
 13149
 13157
 13406
 13459
 13498
 13561
 14053
 14585
 14878
 14957
 15029
 15078
 15175
 15223
 15224
 15273
 15276
 15307
 15517
 15576
 15746
 15768
 15806
 15922
 16091
 16203
 16400
 16453
 16754
 17106
 17380
 17418
 17509
 17878
 18113
 18138
 18211
 18223
 18435
 18624
 18653
 18742
 19105
 19188
 19320
 19682
 19817
 20016
 20025
 20071
 20092
 20262
 20312
 20507
 20869
 21097
 21264
 21457
 21477
 21484
 21771
 22017
 22038
 22185
 22251
 22315
 22452
 22472
 22482
 22597
 22611
 22675
 23012
 23188
 23196
 23300
 23629
 23782
 24513
 24864
 25090
 25199
 25382
 25447
 25651
 25767
 25807
 25984
 26484
 26512
 27055
 27070
 27219
 27275
 27476
 27510
 27594
 27778
 27807
 27862
 28133
 28677
 28787
 28991
 29003
 29084
 29158
 29499
 29667
 29716
 30095
 30128
 30289
 30378
 30574
 30584
 30669
 30735
 30889
 30927
 31206
 31224
 31234
 31273
 31326
 31392
 31429
 31436
 31467
 31677
 32010
 32031
 32055
 32205
 32208
 32562
 32695
 32800
 32900
 33093
 33158
 33421
 33457
 33521
 33559
 33604
 33961
 34149
 34189
 34265
 34281
 34410
 34684
 34691
 34691
 34791
 35049
 35178
 35270
 35329
 35633
 35930
 36241
 36325
 36431
 36454
 36498
 36522
 36545
 36713
 36970
 37149
 37375
 37790
 37965
 38000
 38001
 38089
 38124
 38187
 38351
 38554
 38665
 38833
 38919
 39031
 39040
 39113
 39192
 39268
 39324
 39325
 39354
 39482
 39696
 39759
 39889
 39897
 39929
 40084
 40195
 40230
 40231
 40495
 40542
 40681
 40726
 40762
 41066
 41285
 41418
 42263
 42301
 42328
 42440
 42464
 42532
 42533
 42617
 42671
 42685
 42702
 42883
 43265
 43427
 43463
 43708
 43741
 43811
 43831
 44029
 44096
 44184
 44292
 44424
 44597
 44775
 44952
 45274
 45562
 46017
 46319
 46359
 46540
 46691
 46753
 46946
 47146
 47200
 47282
 47451
 47464
 47486
 47532
 47552
 47555
 47666
 47720
 47813
 47862
 47922
 48130
 48278
 48300
 48451
 48726
 48802
 48932
 48936
 48974
 49375
 49500
 49753
 49760
 49941
 50023
 50225
 50816
 50866
 51094
 51184
 51292
 51356
 51528
 51558
 51611
 51882
 52037
 52188
 52207
 52274
 52363
 52398
 52488
 52553
 52615
 52634
 52695
 52965
 52977
 53051
 53135
 53236
 53282
 53298
 53580
 53764
 53781
 53939
 53974
 53985
 53994
 54184
 54735
 54923
 55232
 55271
 55369
 55566
 55655
 55916
 55983
 55998
 56380
 56496
 56514
 56518
 56546
 56560
 56597
 56705
 56711
 56719
 56828
 56905
 56980
 57196
 57507
 57717
 57785
 57920
 58259
 58270
 58483
 58546
 58656
 58660
 58856
 58926
 59039
 59467
 59601
 59823
 59886
 59893
 59902
 59938
 60004
 60258
 60460
 60520
 60666
 60695
 60757
 61162
 61236
 61420
 61566
 61706
 61994
 62111
 62298
 62312
 62377
 62384
 62737
 62771
 62816
 62899
 63073
 63086
 63479
 63488
 63911
 64183
 64442
 64598
 64632
 64824
 64824
 

-64971
 -64893
 -64890
 -64864
 -64853
 -64786
 -64425
 -64408
 -64322
 -64235
 -64110
 -64082
 -63962
 -63923
 -63905
 -63848
 -63811
 -63606
 -63601
 -63574
 -63559
 -63340
 -63323
 -63285
 -63277
 -63228
 -63136
 -63108
 -63055
 -63019
 -62960
 -62943
 -62933
 -62798
 -62783
 -62753
 -62483
 -62407
 -62277
 -62272
 -62217
 -62116
 -61972
 -61957
 -61861
 -61681
 -61670
 -61668
 -61652
 -61589
 -61439
 -61286
 -61175
 -61147
 -61122
 -61099
 -60961
 -60929
 -60917
 -60860
 -60809
 -60762
 -60655
 -60652
 -60646
 -60644
 -60574
 -60545
 -60455
 -60252
 -60245
 -60206
 -60191
 -60080
 -60072
 -60024
 -59964
 -59779
 -59645
 -59640
 -59561
 -59404
 -59371
 -59350
 -59231
 -59090
 -58956
 -58889
 -58842
 -58816
 -58763
 -58730
 -58517
 -58475
 -58389
 -58377
 -58236
 -58119
 -57991
 -57971
 -57961
 -57899
 -57898
 -57880
 -57821
 -57793
 -57555
 -57518
 -57412
 -57386
 -57301
 -57233
 -57172
 -57096
 -57061
 -57047
 -56992
 -56965
 -56939
 -56868
 -56835
 -56776
 -56736
 -56699
 -56679
 -56673
 -56506
 -56482
 -56471
 -56383
 -56355
 -56345
 -56201
 -56198
 -56152
 -56069
 -56045
 -56044
 -55919
 -55665
 -55661
 -55535
 -55498
 -55445
 -55398
 -55316
 -55306
 -55257
 -55255
 -55160
 -54970
 -54909
 -54815
 -54653
 -54576
 -54414
 -54405
 -54196
 -54108
 -54101
 -54081
 -54073
 -54042
 -53985
 -53984
 -53879
 -53875
 -53858
 -53853
 -53828
 -53684
 -53668
 -53359
 -53335
 -53214
 -53071
 -53060
 -52942
 -52851
 -52807
 -52775
 -52734
 -52639
 -52595
 -52578
 -52535
 -52523
 -52333
 -52271
 -52170
 -52165
 -52109
 -52066
 -51961
 -51887
 -51873
 -51705
 -51682
 -51641
 -51639
 -51595
 -51351
 -51227
 -51162
 -51148
 -51024
 -50920
 -50897
 -50859
 -50778
 -50761
 -50725
 -50681
 -50667
 -50539
 -50330
 -50314
 -50291
 -50122
 -50051
 -50006
 -49779
 -49766
 -49740
 -49630
 -49626
 -49529
 -49521
 -49516
 -49512
 -49486
 -49459
 -49387
 -49270
 -49217
 -49181
 -49179
 -49158
 -49060
 -49044
 -49027
 -48983
 -48935
 -48858
 -48826
 -48795
 -48665
 -48570
 -48566
 -48544
 -48443
 -48409
 -48194
 -48165
 -48055
 -48054
 -48007
 -47977
 -47859
 -47715
 -47535
 -47533
 -47519
 -47488
 -47472
 -47436
 -47393
 -47201
 -46917
 -46902
 -46783
 -46742
 -46706
 -46654
 -46604
 -46461
 -46426
 -46355
 -46354
 -46304
 -46258
 -46099
 -46097
 -46052
 -46015
 -46014
 -45992
 -45989
 -45897
 -45878
 -45851
 -45815
 -45811
 -45794
 -45693
 -45691
 -45669
 -45616
 -45544
 -45505
 -45405
 -45373
 -45331
 -45135
 -45109
 -45105
 -45061
 -45014
 -44985
 -44940
 -44684
 -44664
 -44632
 -44580
 -44418
 -44403
 -44302
 -44235
 -44129
 -44035
 -44003
 -44001
 -43943
 -43920
 -43898
 -43727
 -43509
 -43509
 -43501
 -43492
 -43410
 -43379
 -43338
 -43250
 -43247
 -43093
 -43066
 -43053
 -43013
 -42911
 -42724
 -42598
 -42549
 -42514
 -42340
 -42122
 -42109
 -41872
 -41729
 -41654
 -41578
 -41321
 -41272
 -41205
 -41191
 -41120
 -41088
 -40959
 -40937
 -40866
 -40753
 -40650
 -40634
 -40623
 -40620
 -40570
 -40419
 -40407
 -40380
 -40333
 -40313
 -40309
 -40205
 -40160
 -39794
 -39694
 -39608
 -39597
 -39546
 -39500
 -39490
 -39356
 -39020
 -38931
 -38879
 -38703
 -38680
 -38555
 -38493
 -38470
 -38458
 -38400
 -38397
 -38389
 -38250
 -38221
 -38017
 -37999
 -37980
 -37859
 -37837
 -37765
 -37732
 -37699
 -37698
 -37583
 -37527
 -37505
 -37453
 -37317
 -37286
 -37258
 -37257
 -37183
 -37059
 -36957
 -36870
 -36796
 -36761
 -36667
 -36608
 -36582
 -36452
 -36409
 -36398
 -36358
 -36317
 -36311
 -36287
 -36249
 -36231
 -36174
 -36111
 -36079
 -35987
 -35969
 -35897
 -35895
 -35886
 -35734
 -35688
 -35686
 -35607
 -35559
 -35552
 -35533
 -35486
 -35428
 -35397
 -35316
 -35241
 -35219
 -35134
 -35040
 -35001
 -34986
 -34892
 -34882
 -34870
 -34726
 -34633
 -34601
 -34582
 -34567
 -34550
 -34485
 -34374
 -34309
 -34191
 -34170
 -34095
 -34071
 -34060
 -33975
 -33903
 -33895
 -33798
 -33527
 -33494
 -33478
 -33317
 -33317
 -33285
 -33226
 -33170
 -33113
 -33048
 -33013
 -32987
 -32783
 -32684
 -32580
 -32467
 -32465
 -32464
 -32440
 -32383
 -32251
 -32231
 -32229
 -32165
 -32154
 -32131
 -32086
 -32055
 -32000
 -31965
 -31877
 -31791
 -31721
 -31694
 -31658
 -31646
 -31637
 -31438
 -31432
 -31379
 -31300
 -31273
 -31265
 -31235
 -31150
 -31105
 -31052
 -30837
 -30825
 -30794
 -30741
 -30372
 -30308
 -30247
 -30144
 -29842
 -29806
 -29800
 -29742
 -29680
 -29667
 -29646
 -29464
 -29398
 -29393
 -29348
 -29172
 -29142
 -29049
 -29041
 -28986
 -28982
 -28863
 -28813
 -28787
 -28677
 -28653
 -28642
 -28582
 -28562
 -28473
 -28428
 -28404
 -28373
 -28341
 -28279
 -28195
 -28146
 -28055
 -27782
 -27703
 -27700
 -27643
 -27443
 -27342
 -27266
 -27224
 -27207
 -27173
 -27154
 -27142
 -26938
 -26926
 -26891
 -26860
 -26785
 -26763
 -26748
 -26713
 -26700
 -26503
 -26244
 -26199
 -26199
 -26140
 -26047
 -25959
 -25755
 -25754
 -25714
 -25692
 -25596
 -25535
 -25472
 -25404
 -25300
 -25294
 -25288
 -25147
 -24978
 -24883
 -24865
 -24777
 -24761
 -24594
 -24540
 -24392
 -24380
 -24208
 -24184
 -24098
 -24067
 -24011
 -23958
 -23943
 -23771
 -23735
 -23589
 -23448
 -23388
 -23377
 -23375
 -23361
 -23273
 -23239
 -23228
 -23177
 -23139
 -23104
 -22678
 -22650
 -22555
 -22549
 -22522
 -22517
 -22454
 -22382
 -22189
 -22157
 -22043
 -22004
 -21992
 -21965
 -21891
 -21880
 -21699
 -21497
 -21187
 -21112
 -21088
 -21048
 -20986
 -20963
 -20906
 -20862
 -20862
 -20741
 -20575
 -20545
 -20355
 -20353
 -20347
 -20288
 -20279
 -20179
 -20172
 -20156
 -20133
 -19915
 -19900
 -19866
 -19836
 -19754
 -19630
 -19572
 -19516
 -19428
 -19422
 -19359
 -19280
 -19125
 -19046
 -18983
 -18872
 -18825
 -18825
 -18691
 -18671
 -18616
 -18606
 -18581
 -18516
 -18449
 -18424
 -18331
 -18280
 -18136
 -17863
 -17800
 -17776
 -17724
 -17637
 -17580
 -17519
 -17503
 -17479
 -17410
 -17366
 -17169
 -16929
 -16814
 -16812
 -16695
 -16621
 -16490
 -16463
 -16390
 -16382
 -16378
 -16360
 -16356
 -16340
 -16196
 -16123
 -16050
 -15994
 -15976
 -15752
 -15744
 -15651
 -15579
 -15462
 -15179
 -15140
 -15082
 -14947
 -14921
 -14897
 -14876
 -14856
 -14845
 -14842
 -14705
 -14690
 -14606
 -14590
 -14454
 -14418
 -14309
 -14307
 -14271
 -14172
 -14168
 -14159
 -14118
 -13950
 -13925
 -13856
 -13855
 -13801
 -13718
 -13506
 -13445
 -13430
 -13389
 -13382
 -13331
 -13246
 -13139
 -13115
 -12731
 -12728
 -12575
 -12543
 -12525
 -12460
 -12388
 -12388
 -12383
 -12364
 -12086
 -12030
 -11948
 -11803
 -11644
 -11550
 -11533
 -11504
 -11498
 -11454
 -11327
 -11273
 -11245
 -11209
 -11196
 -11104
 -11022
 -10971
 -10904
 -10858
 -10757
 -10604
 -10517
 -10424
 -10423
 -10336
 -10236
 -10229
 -10176
 -9919
 -9727
 -9693
 -9649
 -9594
 -9543
 -9420
 -9382
 -9268
 -9228
 -9224
 -9200
 -9191
 -9140
 -9124
 -9071
 -9057
 -9056
 -9010
 -8882
 -8866
 -8829
 -8798
 -8749
 -8734
 -8684
 -8668
 -8641
 -8625
 -8497
 -8493
 -8485
 -8470
 -8446
 -8444
 -8439
 -8369
 -8281
 -8217
 -8217
 -8190
 -8055
 -7962
 -7937
 -7692
 -7669
 -7593
 -7517
 -7492
 -7463
 -7441
 -7432
 -7399
 -7399
 -7315
 -7147
 -7084
 -7047
 -6966
 -6830
 -6738
 -6726
 -6604
 -6420
 -6366
 -6289
 -6072
 -5987
 -5925
 -5922
 -5885
 -5885
 -5799
 -5740
 -5729
 -5680
 -5610
 -5599
 -5542
 -5485
 -5387
 -5363
 -5321
 -5269
 -5105
 -5047
 -5043
 -5007
 -4936
 -4884
 -4879
 -4784
 -4762
 -4753
 -4735
 -4638
 -4607
 -4543
 -4448
 -4417
 -4235
 -4193
 -4161
 -4032
 -3905
 -3893
 -3836
 -3696
 -3684
 -3628
 -3456
 -3262
 -3221
 -3160
 -3157
 -3147
 -3016
 -2962
 -2921
 -2918
 -2894
 -2805
 -2732
 -2585
 -2505
 -2498
 -2206
 -2196
 -2055
 -1870
 -1792
 -1751
 -1701
 -1692
 -1664
 -1658
 -1643
 -1561
 -1557
 -1548
 -1526
 -1468
 -1322
 -1302
 -1199
 -1163
 -1121
 -1116
 -1049
 -1027
 -904
 -858
 -801
 -778
 -736
 -732
 -699
 -539
 -523
 -477
 -435
 -186
 -170
 -151
 -144
 -78
 -71
 -30
 49
 153
 222
 493
 532
 541
 569
 680
 792
 872
 895
 925
 1068
 1124
 1213
 1264
 1285
 1302
 1317
 1326
 1415
 1426
 1461
 1462
 1530
 1566
 1579
 1676
 1771
 1773
 1786
 1813
 1926
 1947
 2076
 2254
 2270
 2344
 2377
 2405
 2480
 2535
 2721
 2734
 2780
 2839
 2874
 2986
 3031
 3061
 3091
 3118
 3146
 3166
 3203
 3326
 3352
 3437
 3506
 3626
 3679
 3800
 3804
 3847
 3847
 3912
 3927
 3951
 3971
 3976
 4086
 4327
 4350
 4464
 4494
 4498
 4532
 4544
 4577
 4619
 4691
 4730
 4859
 4870
 5008
 5070
 5136
 5169
 5170
 5181
 5215
 5269
 5280
 5318
 5342
 5435
 5663
 5676
 5702
 5787
 5789
 5860
 6056
 6234
 6516
 6646
 6702
 6705
 6812
 6867
 7092
 7595
 7621
 7708
 7715
 7737
 7826
 7830
 7866
 7923
 8172
 8209
 8354
 8434
 8456
 8628
 8651
 8834
 8944
 8982
 9008
 9087
 9249
 9266
 9349
 9365
 9403
 9406
 9414
 9500
 9501
 9598
 9626
 9673
 9679
 9737
 9768
 9774
 9913
 9973
 10010
 10084
 10179
 10192
 10396
 10417
 10424
 10458
 10475
 10498
 10611
 10694
 10696
 10795
 10828
 10866
 10933
 10960
 11180
 11208
 11244
 11343
 11368
 11381
 11460
 11461
 11559
 11587
 11609
 11665
 11680
 11824
 11825
 11844
 11931
 11945
 11963
 12016
 12131
 12165
 12329
 12368
 12381
 12381
 12424
 12543
 12569
 12746
 12761
 12769
 12807
 12926
 12940
 13149
 13157
 13217
 13245
 13259
 13331
 13406
 13417
 13459
 13498
 13561
 13805
 13867
 14053
 14153
 14223
 14291
 14335
 14386
 14417
 14585
 14639
 14782
 14866
 14878
 14957
 15029
 15034
 15038
 15078
 15175
 15223
 15224
 15256
 15273
 15276
 15307
 15368
 15481
 15496
 15517
 15543
 15576
 15647
 15665
 15746
 15768
 15806
 15834
 15922
 15938
 16002
 16072
 16091
 16149
 16203
 16392
 16400
 16410
 16427
 16453
 16464
 16518
 16586
 16707
 16754
 16766
 17019
 17106
 17264
 17380
 17418
 17509
 17560
 17858
 17878
 18102
 18113
 18138
 18211
 18214
 18223
 18435
 18525
 18552
 18578
 18616
 18617
 18624
 18638
 18653
 18742
 18756
 18780
 18968
 18994
 19091
 19105
 19159
 19188
 19320
 19385
 19489
 19492
 19563
 19658
 19682
 19817
 19852
 20004
 20016
 20025
 20071
 20092
 20162
 20262
 20312
 20507
 20679
 20806
 20833
 20869
 20997
 21059
 21078
 21097
 21154
 21240
 21264
 21276
 21457
 21458
 21477
 21484
 21684
 21771
 21773
 21912
 22017
 22038
 22185
 22251
 22315
 22448
 22452
 22472
 22482
 22597
 22611
 22675
 22715
 22752
 23012
 23188
 23196
 23210
 23293
 23300
 23629
 23715
 23782
 23954
 24127
 24130
 24163
 24371
 24473
 24475
 24513
 24541
 24678
 24864
 24926
 25006
 25044
 25090
 25199
 25203
 25259
 25350
 25382
 25416
 25447
 25514
 25650
 25651
 25737
 25767
 25798
 25807
 25863
 25984
 26009
 26075
 26149
 26186
 26484
 26512
 26677
 26693
 26740
 26908
 26932
 27055
 27070
 27099
 27219
 27275
 27343
 27354
 27476
 27510
 27594
 27778
 27807
 27862
 27892
 28069
 28082
 28133
 28251
 28273
 28302
 28578
 28631
 28662
 28677
 28707
 28755
 28787
 28804
 28938
 28954
 28991
 29003
 29045
 29084
 29158
 29159
 29480
 29499
 29517
 29592
 29667
 29716
 29968
 30014
 30095
 30128
 30289
 30304
 30378
 30455
 30456
 30574
 30584
 30669
 30735
 30796
 30889
 30927
 30927
 31068
 31152
 31206
 31224
 31234
 31273
 31326
 31392
 31429
 31436
 31467
 31524
 31677
 31696
 31716
 31848
 31982
 32010
 32031
 32055
 32205
 32208
 32293
 32431
 32468
 32495
 32562
 32614
 32695
 32700
 32748
 32781
 32800
 32804
 32820
 32900
 32914
 33093
 33158
 33279
 33340
 33421
 33457
 33521
 33559
 33604
 33630
 33738
 33748
 33835
 33961
 34032
 34107
 34149
 34177
 34189
 34265
 34281
 34379
 34387
 34410
 34501
 34684
 34691
 34691
 34738
 34791
 34815
 34870
 34978
 35049
 35058
 35089
 35133
 35178
 35193
 35225
 35270
 35286
 35290
 35329
 35359
 35381
 35633
 35930
 36037
 36080
 36120
 36151
 36209
 36241
 36324
 36325
 36431
 36454
 36456
 36486
 36498
 36522
 36533
 36545
 36549
 36713
 36791
 36970
 36978
 37149
 37335
 37362
 37375
 37516
 37601
 37790
 37887
 37890
 37911
 37965
 38000
 38001
 38089
 38094
 38112
 38124
 38127
 38187
 38351
 38360
 38455
 38554
 38632
 38665
 38823
 38833
 38919
 39031
 39040
 39047
 39063
 39113
 39192
 39268
 39324
 39325
 39354
 39383
 39432
 39482
 39696
 39759
 39829
 39832
 39889
 39897
 39920
 39929
 40084
 40148
 40195
 40230
 40231
 40495
 40542
 40562
 40600
 40635
 40648
 40681
 40710
 40726
 40762
 40785
 40873
 40924
 41066
 41128
 41172
 41205
 41285
 41418
 41523
 41592
 41767
 42232
 42245
 42263
 42301
 42328
 42433
 42440
 42464
 42464
 42532
 42533
 42617
 42637
 42671
 42685
 42685
 42702
 42716
 42741
 42883
 42902
 43064
 43265
 43295
 43310
 43327
 43427
 43463
 43468
 43511
 43708
 43741
 43811
 43831
 43864
 43936
 43950
 44029
 44096
 44184
 44281
 44292
 44293
 44377
 44424
 44542
 44597
 44775
 44890
 44952
 44968
 44974
 45022
 45030
 45081
 45116
 45274
 45336
 45409
 45526
 45562
 45817
 45846
 46017
 46052
 46319
 46359
 46427
 46452
 46540
 46597
 46610
 46691
 46753
 46946
 47018
 47033
 47146
 47200
 47282
 47451
 47464
 47486
 47532
 47552
 47555
 47563
 47666
 47700
 47720
 47813
 47822
 47862
 47911
 47922
 47986
 48130
 48278
 48300
 48305
 48310
 48451
 48455
 48666
 48726
 48802
 48854
 48891
 48915
 48932
 48936
 48974
 49010
 49345
 49375
 49385
 49419
 49452
 49500
 49512
 49598
 49631
 49753
 49760
 49784
 49934
 49941
 50023
 50045
 50097
 50107
 50153
 50196
 50205
 50219
 50225
 50243
 50613
 50715
 50739
 50759
 50816
 50866
 50884
 50887
 51052
 51094
 51101
 51184
 51247
 51264
 51292
 51356
 51427
 51460
 51512
 51528
 51558
 51611
 51743
 51781
 51882
 51937
 51940
 52037
 52128
 52188
 52207
 52229
 52274
 52341
 52363
 52398
 52402
 52488
 52553
 52615
 52634
 52695
 52822
 52835
 52965
 52973
 52977
 53051
 53056
 53135
 53236
 53253
 53282
 53298
 53458
 53580
 53654
 53680
 53744
 53764
 53781
 53847
 53899
 53939
 53974
 53985
 53994
 54024
 54184
 54231
 54248
 54428
 54601
 54674
 54735
 54923
 54972
 55223
 55232
 55271
 55369
 55566
 55611
 55655
 55810
 55817
 55860
 55916
 55971
 55983
 55998
 56036
 56071
 56082
 56082
 56204
 56342
 56380
 56414
 56496
 56508
 56514
 56518
 56546
 56557
 56560
 56597
 56705
 56710
 56711
 56719
 56722
 56828
 56863
 56905
 56970
 56980
 57010
 57070
 57196
 57322
 57346
 57420
 57479
 57507
 57560
 57667
 57698
 57717
 57785
 57920
 58228
 58259
 58270
 58294
 58302
 58341
 58483
 58546
 58613
 58656
 58660
 58779
 58856
 58882
 58921
 58926
 59036
 59039
 59175
 59196
 59432
 59467
 59486
 59517
 59601
 59621
 59646
 59823
 59850
 59854
 59886
 59893
 59902
 59936
 59938
 60004
 60199
 60211
 60258
 60321
 60395
 60460
 60520
 60656
 60666
 60695
 60757
 61128
 61142
 61162
 61236
 61285
 61373
 61420
 61432
 61445
 61566
 61706
 61966
 61994
 62111
 62123
 62124
 62193
 62298
 62312
 62377
 62384
 62478
 62617
 62626
 62643
 62737
 62743
 62771
 62816
 62835
 62899
 63073
 63086
 63088
 63142
 63396
 63479
 63488
 63905
 63911
 64098
 64141
 64183
 64213
 64225
 64241
 64428
 64442
 64598
 64632
 64671
 64824
 64824
 64929
 

-64971
 -64943
 -64893
 -64890
 -64864
 -64853
 -64846
 -64798
 -64795
 -64786
 -64698
 -64680
 -64668
 -64658
 -64614
 -64583
 -64500
 -64492
 -64460
 -64425
 -64408
 -64339
 -64322
 -64238
 -64235
 -64229
 -64194
 -64186
 -64185
 -64110
 -64092
 -64082
 -64030
 -64019
 -63962
 -63954
 -63923
 -63905
 -63861
 -63850
 -63848
 -63822
 -63811
 -63716
 -63629
 -63606
 -63601
 -63590
 -63574
 -63559
 -63548
 -63528
 -63494
 -63367
 -63340
 -63327
 -63323
 -63292
 -63287
 -63285
 -63277
 -63228
 -63181
 -63158
 -63136
 -63112
 -63108
 -63080
 -63055
 -63019
 -63001
 -62960
 -62943
 -62933
 -62930
 -62909
 -62896
 -62876
 -62820
 -62798
 -62783
 -62765
 -62753
 -62722
 -62666
 -62636
 -62621
 -62596
 -62563
 -62497
 -62491
 -62483
 -62420
 -62407
 -62378
 -62348
 -62322
 -62300
 -62290
 -62277
 -62272
 -62217
 -62195
 -62116
 -62109
 -62108
 -62023
 -61998
 -61997
 -61997
 -61972
 -61957
 -61889
 -61886
 -61884
 -61861
 -61840
 -61840
 -61812
 -61728
 -61690
 -61681
 -61670
 -61668
 -61658
 -61652
 -61648
 -61589
 -61565
 -61534
 -61507
 -61500
 -61476
 -61439
 -61343
 -61286
 -61175
 -61147
 -61122
 -61099
 -61012
 -60961
 -60957
 -60944
 -60932
 -60929
 -60920
 -60917
 -60889
 -60878
 -60860
 -60815
 -60809
 -60803
 -60776
 -60762
 -60672
 -60655
 -60652
 -60646
 -60644
 -60636
 -60574
 -60545
 -60487
 -60480
 -60475
 -60455
 -60420
 -60417
 -60410
 -60401
 -60384
 -60382
 -60364
 -60360
 -60331
 -60316
 -60311
 -60255
 -60252
 -60252
 -60245
 -60206
 -60194
 -60191
 -60083
 -60080
 -60072
 -60024
 -60018
 -59964
 -59933
 -59917
 -59911
 -59885
 -59868
 -59847
 -59779
 -59762
 -59717
 -59645
 -59640
 -59615
 -59609
 -59561
 -59522
 -59517
 -59489
 -59484
 -59459
 -59447
 -59447
 -59404
 -59371
 -59350
 -59312
 -59270
 -59231
 -59210
 -59171
 -59113
 -59090
 -59058
 -59047
 -58978
 -58956
 -58914
 -58889
 -58842
 -58816
 -58770
 -58763
 -58730
 -58584
 -58566
 -58558
 -58517
 -58478
 -58475
 -58472
 -58460
 -58414
 -58400
 -58399
 -58389
 -58377
 -58298
 -58291
 -58270
 -58249
 -58242
 -58236
 -58223
 -58119
 -58019
 -58008
 -57991
 -57985
 -57984
 -57971
 -57961
 -57926
 -57899
 -57898
 -57880
 -57821
 -57793
 -57724
 -57662
 -57641
 -57555
 -57544
 -57518
 -57515
 -57492
 -57432
 -57431
 -57412
 -57386
 -57375
 -57333
 -57301
 -57295
 -57274
 -57265
 -57256
 -57233
 -57199
 -57172
 -57169
 -57169
 -57145
 -57096
 -57061
 -57047
 -56992
 -56965
 -56939
 -56904
 -56902
 -56890
 -56868
 -56835
 -56812
 -56784
 -56776
 -56756
 -56736
 -56701
 -56699
 -56679
 -56673
 -56660
 -56643
 -56608
 -56601
 -56519
 -56506
 -56482
 -56471
 -56383
 -56355
 -56345
 -56336
 -56258
 -56204
 -56201
 -56198
 -56152
 -56120
 -56092
 -56069
 -56045
 -56044
 -56015
 -56007
 -55983
 -55981
 -55919
 -55793
 -55742
 -55708
 -55688
 -55686
 -55665
 -55661
 -55648
 -55622
 -55535
 -55498
 -55496
 -55445
 -55437
 -55398
 -55316
 -55306
 -55257
 -55255
 -55161
 -55160
 -55127
 -55088
 -55047
 -55046
 -55003
 -54970
 -54909
 -54815
 -54752
 -54653
 -54632
 -54624
 -54576
 -54540
 -54480
 -54434
 -54430
 -54414
 -54414
 -54405
 -54391
 -54356
 -54320
 -54240
 -54196
 -54108
 -54101
 -54095
 -54081
 -54074
 -54073
 -54058
 -54042
 -53997
 -53990
 -53985
 -53984
 -53981
 -53977
 -53972
 -53965
 -53944
 -53879
 -53875
 -53858
 -53853
 -53844
 -53828
 -53816
 -53771
 -53684
 -53668
 -53610
 -53488
 -53475
 -53417
 -53404
 -53364
 -53359
 -53347
 -53335
 -53287
 -53277
 -53245
 -53214
 -53204
 -53127
 -53071
 -53060
 -53000
 -52942
 -52909
 -52851
 -52819
 -52807
 -52775
 -52772
 -52734
 -52716
 -52675
 -52664
 -52639
 -52595
 -52581
 -52581
 -52578
 -52569
 -52535
 -52523
 -52414
 -52362
 -52342
 -52333
 -52319
 -52271
 -52260
 -52236
 -52206
 -52193
 -52170
 -52165
 -52109
 -52093
 -52066
 -52057
 -52051
 -52036
 -51961
 -51887
 -51873
 -51855
 -51829
 -51824
 -51705
 -51682
 -51641
 -51639
 -51611
 -51595
 -51547
 -51486
 -51481
 -51418
 -51411
 -51379
 -51378
 -51373
 -51358
 -51358
 -51351
 -51227
 -51210
 -51162
 -51148
 -51072
 -51024
 -50974
 -50945
 -50936
 -50920
 -50897
 -50859
 -50833
 -50784
 -50778
 -50761
 -50725
 -50702
 -50702
 -50689
 -50681
 -50677
 -50668
 -50667
 -50628
 -50571
 -50540
 -50539
 -50500
 -50463
 -50419
 -50411
 -50405
 -50330
 -50326
 -50314
 -50303
 -50293
 -50291
 -50288
 -50282
 -50268
 -50213
 -50212
 -50211
 -50171
 -50156
 -50149
 -50137
 -50134
 -50122
 -50096
 -50051
 -50006
 -49982
 -49936
 -49928
 -49875
 -49849
 -49821
 -49805
 -49779
 -49766
 -49747
 -49740
 -49738
 -49686
 -49660
 -49630
 -49626
 -49625
 -49529
 -49523
 -49521
 -49516
 -49512
 -49486
 -49476
 -49459
 -49415
 -49410
 -49387
 -49325
 -49315
 -49299
 -49270
 -49217
 -49181
 -49179
 -49166
 -49158
 -49060
 -49044
 -49042
 -49027
 -49021
 -49005
 -48983
 -48935
 -48899
 -48899
 -48858
 -48849
 -48826
 -48809
 -48795
 -48751
 -48740
 -48739
 -48695
 -48667
 -48665
 -48616
 -48586
 -48580
 -48570
 -48566
 -48565
 -48544
 -48516
 -48489
 -48452
 -48443
 -48426
 -48423
 -48409
 -48366
 -48364
 -48356
 -48340
 -48324
 -48296
 -48288
 -48216
 -48194
 -48192
 -48165
 -48055
 -48054
 -48010
 -48007
 -47977
 -47961
 -47956
 -47923
 -47912
 -47904
 -47862
 -47859
 -47855
 -47849
 -47832
 -47803
 -47744
 -47732
 -47721
 -47715
 -47641
 -47638
 -47602
 -47535
 -47533
 -47519
 -47504
 -47488
 -47472
 -47442
 -47436
 -47418
 -47410
 -47406
 -47393
 -47333
 -47289
 -47265
 -47255
 -47239
 -47201
 -47090
 -47072
 -47068
 -47009
 -46998
 -46958
 -46917
 -46902
 -46868
 -46864
 -46854
 -46843
 -46783
 -46770
 -46742
 -46706
 -46654
 -46654
 -46604
 -46555
 -46461
 -46439
 -46426
 -46408
 -46355
 -46354
 -46338
 -46304
 -46258
 -46252
 -46243
 -46242
 -46218
 -46208
 -46140
 -46099
 -46097
 -46052
 -46015
 -46014
 -45992
 -45989
 -45956
 -45897
 -45885
 -45878
 -45867
 -45851
 -45836
 -45815
 -45811
 -45794
 -45787
 -45745
 -45717
 -45693
 -45691
 -45678
 -45669
 -45623
 -45616
 -45592
 -45554
 -45544
 -45517
 -45505
 -45492
 -45434
 -45405
 -45373
 -45353
 -45331
 -45315
 -45315
 -45256
 -45237
 -45179
 -45135
 -45109
 -45105
 -45102
 -45061
 -45014
 -44985
 -44973
 -44940
 -44896
 -44836
 -44826
 -44797
 -44786
 -44741
 -44737
 -44718
 -44684
 -44664
 -44635
 -44632
 -44625
 -44580
 -44551
 -44548
 -44546
 -44512
 -44487
 -44442
 -44425
 -44418
 -44403
 -44379
 -44353
 -44302
 -44261
 -44235
 -44234
 -44206
 -44136
 -44129
 -44100
 -44093
 -44063
 -44040
 -44035
 -44011
 -44003
 -44001
 -43996
 -43991
 -43986
 -43943
 -43920
 -43915
 -43898
 -43895
 -43873
 -43836
 -43830
 -43790
 -43744
 -43727
 -43706
 -43678
 -43670
 -43658
 -43650
 -43583
 -43509
 -43509
 -43501
 -43492
 -43480
 -43469
 -43457
 -43443
 -43425
 -43410
 -43410
 -43379
 -43364
 -43338
 -43301
 -43291
 -43256
 -43250
 -43247
 -43200
 -43194
 -43188
 -43093
 -43066
 -43053
 -43013
 -42953
 -42911
 -42869
 -42857
 -42830
 -42770
 -42761
 -42724
 -42639
 -42614
 -42598
 -42588
 -42549
 -42542
 -42514
 -42484
 -42480
 -42408
 -42405
 -42400
 -42358
 -42340
 -42238
 -42217
 -42122
 -42109
 -42040
 -41967
 -41947
 -41929
 -41909
 -41872
 -41729
 -41681
 -41654
 -41627
 -41612
 -41578
 -41524
 -41509
 -41495
 -41467
 -41425
 -41350
 -41344
 -41321
 -41301
 -41295
 -41272
 -41205
 -41194
 -41191
 -41186
 -41150
 -41120
 -41088
 -40959
 -40947
 -40942
 -40937
 -40881
 -40866
 -40837
 -40795
 -40777
 -40758
 -40753
 -40732
 -40701
 -40652
 -40650
 -40644
 -40638
 -40634
 -40634
 -40628
 -40623
 -40620
 -40570
 -40462
 -40419
 -40407
 -40380
 -40333
 -40313
 -40309
 -40228
 -40210
 -40205
 -40160
 -40077
 -40058
 -40050
 -40007
 -40002
 -40000
 -39962
 -39937
 -39928
 -39925
 -39903
 -39857
 -39852
 -39852
 -39850
 -39810
 -39806
 -39794
 -39732
 -39694
 -39608
 -39597
 -39546
 -39510
 -39500
 -39492
 -39490
 -39467
 -39463
 -39357
 -39356
 -39280
 -39267
 -39074
 -39046
 -39020
 -38931
 -38879
 -38873
 -38832
 -38822
 -38806
 -38790
 -38715
 -38703
 -38680
 -38656
 -38593
 -38555
 -38526
 -38520
 -38515
 -38513
 -38493
 -38485
 -38470
 -38458
 -38426
 -38400
 -38397
 -38389
 -38385
 -38351
 -38307
 -38298
 -38250
 -38238
 -38221
 -38088
 -38017
 -37999
 -37980
 -37937
 -37878
 -37868
 -37860
 -37859
 -37837
 -37765
 -37732
 -37704
 -37699
 -37698
 -37583
 -37579
 -37542
 -37527
 -37510
 -37505
 -37487
 -37470
 -37453
 -37433
 -37415
 -37415
 -37405
 -37384
 -37341
 -37317
 -37286
 -37258
 -37257
 -37225
 -37224
 -37212
 -37183
 -37105
 -37103
 -37097
 -37059
 -37037
 -37031
 -36957
 -36939
 -36924
 -36892
 -36870
 -36869
 -36864
 -36833
 -36819
 -36796
 -36789
 -36761
 -36743
 -36731
 -36667
 -36631
 -36608
 -36582
 -36520
 -36502
 -36459
 -36452
 -36409
 -36398
 -36358
 -36342
 -36317
 -36311
 -36289
 -36287
 -36249
 -36236
 -36231
 -36180
 -36174
 -36111
 -36085
 -36079
 -36079
 -36054
 -36028
 -35987
 -35985
 -35978
 -35978
 -35969
 -35943
 -35916
 -35897
 -35895
 -35893
 -35886
 -35881
 -35842
 -35806
 -35785
 -35734
 -35722
 -35688
 -35686
 -35642
 -35607
 -35606
 -35599
 -35573
 -35559
 -35552
 -35551
 -35550
 -35546
 -35541
 -35533
 -35509
 -35486
 -35445
 -35428
 -35397
 -35316
 -35259
 -35241
 -35234
 -35219
 -35134
 -35102
 -35040
 -35016
 -35001
 -34986
 -34943
 -34892
 -34883
 -34882
 -34870
 -34838
 -34831
 -34726
 -34704
 -34633
 -34601
 -34597
 -34582
 -34567
 -34550
 -34485
 -34391
 -34379
 -34377
 -34374
 -34374
 -34363
 -34320
 -34314
 -34309
 -34207
 -34191
 -34170
 -34095
 -34079
 -34071
 -34060
 -34025
 -34007
 -33975
 -33914
 -33913
 -33903
 -33898
 -33895
 -33798
 -33691
 -33640
 -33633
 -33572
 -33529
 -33527
 -33512
 -33502
 -33501
 -33494
 -33478
 -33433
 -33413
 -33321
 -33317
 -33317
 -33288
 -33285
 -33227
 -33226
 -33186
 -33170
 -33166
 -33149
 -33138
 -33113
 -33048
 -33013
 -32990
 -32987
 -32966
 -32873
 -32800
 -32783
 -32757
 -32737
 -32723
 -32696
 -32684
 -32652
 -32610
 -32600
 -32580
 -32568
 -32521
 -32467
 -32465
 -32464
 -32444
 -32440
 -32439
 -32427
 -32383
 -32313
 -32251
 -32231
 -32229
 -32189
 -32168
 -32165
 -32154
 -32131
 -32127
 -32112
 -32109
 -32101
 -32086
 -32055
 -32024
 -32015
 -32000
 -31968
 -31965
 -31949
 -31924
 -31908
 -31877
 -31871
 -31817
 -31809
 -31791
 -31740
 -31721
 -31718
 -31694
 -31658
 -31646
 -31637
 -31625
 -31458
 -31456
 -31438
 -31434
 -31432
 -31426
 -31379
 -31300
 -31284
 -31273
 -31265
 -31235
 -31194
 -31189
 -31150
 -31148
 -31146
 -31105
 -31097
 -31092
 -31057
 -31052
 -31034
 -31031
 -30990
 -30962
 -30951
 -30837
 -30825
 -30825
 -30811
 -30794
 -30741
 -30725
 -30713
 -30666
 -30662
 -30615
 -30599
 -30573
 -30554
 -30500
 -30372
 -30362
 -30337
 -30321
 -30308
 -30296
 -30259
 -30247
 -30246
 -30231
 -30144
 -30132
 -30036
 -30012
 -30009
 -29942
 -29933
 -29919
 -29873
 -29852
 -29842
 -29806
 -29800
 -29771
 -29742
 -29707
 -29680
 -29667
 -29646
 -29583
 -29562
 -29520
 -29494
 -29488
 -29464
 -29398
 -29393
 -29362
 -29348
 -29279
 -29258
 -29172
 -29142
 -29100
 -29049
 -29041
 -29020
 -29013
 -28993
 -28987
 -28986
 -28982
 -28957
 -28947
 -28922
 -28863
 -28846
 -28836
 -28815
 -28813
 -28794
 -28787
 -28677
 -28653
 -28651
 -28645
 -28642
 -28582
 -28572
 -28562
 -28473
 -28467
 -28457
 -28428
 -28424
 -28410
 -28406
 -28404
 -28373
 -28341
 -28339
 -28279
 -28275
 -28195
 -28146
 -28055
 -28028
 -28011
 -28007
 -27992
 -27969
 -27964
 -27847
 -27824
 -27789
 -27782
 -27748
 -27740
 -27716
 -27703
 -27700
 -27700
 -27643
 -27448
 -27443
 -27406
 -27387
 -27342
 -27313
 -27266
 -27231
 -27224
 -27207
 -27202
 -27184
 -27183
 -27173
 -27154
 -27142
 -27124
 -26982
 -26940
 -26938
 -26926
 -26911
 -26891
 -26869
 -26860
 -26849
 -26834
 -26825
 -26785
 -26763
 -26748
 -26738
 -26713
 -26706
 -26700
 -26658
 -26604
 -26600
 -26573
 -26571
 -26570
 -26503
 -26503
 -26433
 -26429
 -26337
 -26335
 -26282
 -26262
 -26249
 -26244
 -26226
 -26199
 -26199
 -26187
 -26140
 -26092
 -26081
 -26051
 -26047
 -25999
 -25959
 -25949
 -25918
 -25883
 -25793
 -25755
 -25754
 -25733
 -25714
 -25701
 -25692
 -25678
 -25596
 -25548
 -25535
 -25531
 -25492
 -25482
 -25472
 -25419
 -25404
 -25400
 -25368
 -25331
 -25300
 -25295
 -25294
 -25292
 -25288
 -25216
 -25186
 -25181
 -25168
 -25147
 -25138
 -25116
 -24994
 -24983
 -24978
 -24883
 -24865
 -24789
 -24777
 -24761
 -24761
 -24739
 -24724
 -24698
 -24617
 -24594
 -24555
 -24552
 -24540
 -24525
 -24496
 -24423
 -24392
 -24380
 -24380
 -24340
 -24271
 -24223
 -24213
 -24208
 -24184
 -24098
 -24098
 -24079
 -24067
 -24046
 -24033
 -24020
 -24011
 -24005
 -23969
 -23958
 -23957
 -23945
 -23943
 -23930
 -23918
 -23917
 -23916
 -23875
 -23843
 -23828
 -23824
 -23772
 -23772
 -23771
 -23770
 -23735
 -23686
 -23639
 -23599
 -23589
 -23534
 -23527
 -23513
 -23448
 -23388
 -23377
 -23375
 -23365
 -23361
 -23351
 -23273
 -23239
 -23228
 -23177
 -23173
 -23143
 -23139
 -23113
 -23104
 -23092
 -22948
 -22942
 -22935
 -22928
 -22904
 -22853
 -22830
 -22693
 -22678
 -22678
 -22677
 -22650
 -22596
 -22576
 -22555
 -22549
 -22522
 -22517
 -22466
 -22454
 -22453
 -22411
 -22382
 -22298
 -22261
 -22229
 -22189
 -22157
 -22106
 -22043
 -22004
 -21992
 -21977
 -21976
 -21965
 -21956
 -21914
 -21902
 -21891
 -21880
 -21844
 -21837
 -21832
 -21760
 -21748
 -21731
 -21699
 -21680
 -21615
 -21568
 -21552
 -21497
 -21422
 -21409
 -21403
 -21382
 -21361
 -21352
 -21336
 -21304
 -21253
 -21251
 -21187
 -21157
 -21141
 -21112
 -21107
 -21088
 -21061
 -21048
 -21036
 -20986
 -20963
 -20906
 -20862
 -20862
 -20787
 -20741
 -20740
 -20705
 -20704
 -20690
 -20689
 -20578
 -20575
 -20568
 -20545
 -20531
 -20526
 -20492
 -20355
 -20353
 -20347
 -20296
 -20294
 -20289
 -20288
 -20279
 -20255
 -20235
 -20212
 -20199
 -20179
 -20172
 -20171
 -20156
 -20140
 -20133
 -20126
 -20126
 -20115
 -20098
 -20015
 -19988
 -19950
 -19920
 -19915
 -19900
 -19898
 -19896
 -19881
 -19866
 -19836
 -19783
 -19781
 -19776
 -19765
 -19754
 -19750
 -19656
 -19630
 -19624
 -19613
 -19585
 -19572
 -19572
 -19548
 -19517
 -19516
 -19475
 -19456
 -19428
 -19422
 -19382
 -19359
 -19300
 -19288
 -19280
 -19138
 -19125
 -19107
 -19056
 -19046
 -18983
 -18955
 -18952
 -18872
 -18825
 -18825
 -18824
 -18760
 -18738
 -18706
 -18691
 -18671
 -18667
 -18616
 -18606
 -18581
 -18516
 -18449
 -18424
 -18360
 -18349
 -18333
 -18331
 -18287
 -18280
 -18185
 -18136
 -18130
 -18089
 -18075
 -18040
 -18025
 -18003
 -17995
 -17992
 -17957
 -17895
 -17863
 -17800
 -17776
 -17759
 -17753
 -17724
 -17722
 -17710
 -17660
 -17637
 -17580
 -17562
 -17549
 -17534
 -17519
 -17503
 -17479
 -17465
 -17410
 -17382
 -17366
 -17304
 -17233
 -17169
 -17120
 -17038
 -17034
 -16994
 -16929
 -16900
 -16891
 -16889
 -16857
 -16814
 -16812
 -16788
 -16759
 -16695
 -16621
 -16567
 -16536
 -16520
 -16490
 -16484
 -16482
 -16463
 -16450
 -16424
 -16390
 -16382
 -16378
 -16360
 -16356
 -16340
 -16329
 -16329
 -16327
 -16325
 -16231
 -16207
 -16201
 -16196
 -16194
 -16178
 -16148
 -16146
 -16130
 -16129
 -16123
 -16111
 -16083
 -16063
 -16050
 -15995
 -15994
 -15976
 -15958
 -15953
 -15944
 -15895
 -15864
 -15859
 -15857
 -15823
 -15822
 -15752
 -15744
 -15668
 -15651
 -15595
 -15579
 -15559
 -15523
 -15497
 -15462
 -15450
 -15426
 -15288
 -15179
 -15140
 -15122
 -15083
 -15082
 -15075
 -15047
 -15020
 -15008
 -15006
 -14947
 -14933
 -14929
 -14921
 -14897
 -14880
 -14876
 -14865
 -14856
 -14845
 -14842
 -14705
 -14690
 -14673
 -14669
 -14616
 -14606
 -14590
 -14575
 -14552
 -14520
 -14517
 -14483
 -14473
 -14468
 -14454
 -14448
 -14432
 -14418
 -14330
 -14309
 -14307
 -14277
 -14271
 -14238
 -14172
 -14168
 -14159
 -14118
 -14113
 -14087
 -14049
 -13983
 -13974
 -13974
 -13950
 -13925
 -13903
 -13856
 -13855
 -13801
 -13773
 -13718
 -13684
 -13678
 -13618
 -13601
 -13506
 -13487
 -13482
 -13445
 -13430
 -13389
 -13386
 -13382
 -13352
 -13350
 -13331
 -13246
 -13216
 -13212
 -13204
 -13199
 -13139
 -13115
 -13096
 -13015
 -13000
 -12997
 -12945
 -12892
 -12864
 -12813
 -12797
 -12777
 -12731
 -12728
 -12722
 -12698
 -12689
 -12575
 -12543
 -12525
 -12460
 -12436
 -12388
 -12388
 -12383
 -12364
 -12335
 -12248
 -12241
 -12197
 -12102
 -12086
 -12079
 -12059
 -12030
 -11948
 -11915
 -11877
 -11803
 -11780
 -11774
 -11736
 -11703
 -11663
 -11644
 -11644
 -11597
 -11550
 -11533
 -11504
 -11498
 -11454
 -11454
 -11451
 -11437
 -11434
 -11432
 -11379
 -11335
 -11327
 -11273
 -11245
 -11243
 -11209
 -11196
 -11185
 -11134
 -11118
 -11104
 -11084
 -11022
 -11014
 -11013
 -10983
 -10971
 -10904
 -10896
 -10894
 -10868
 -10858
 -10851
 -10826
 -10823
 -10813
 -10757
 -10724
 -10717
 -10699
 -10677
 -10656
 -10604
 -10572
 -10556
 -10517
 -10495
 -10488
 -10481
 -10448
 -10429
 -10424
 -10423
 -10403
 -10390
 -10346
 -10336
 -10329
 -10325
 -10236
 -10231
 -10229
 -10176
 -10137
 -10120
 -10055
 -10048
 -9919
 -9919
 -9859
 -9823
 -9762
 -9727
 -9719
 -9710
 -9693
 -9649
 -9594
 -9586
 -9550
 -9543
 -9517
 -9448
 -9440
 -9420
 -9409
 -9382
 -9338
 -9336
 -9330
 -9268
 -9258
 -9228
 -9224
 -9211
 -9200
 -9191
 -9140
 -9124
 -9099
 -9078
 -9071
 -9057
 -9056
 -9010
 -8892
 -8882
 -8868
 -8866
 -8829
 -8798
 -8795
 -8759
 -8755
 -8749
 -8737
 -8734
 -8684
 -8668
 -8658
 -8641
 -8627
 -8625
 -8604
 -8594
 -8497
 -8493
 -8485
 -8470
 -8466
 -8446
 -8444
 -8439
 -8412
 -8381
 -8369
 -8369
 -8348
 -8348
 -8311
 -8295
 -8281
 -8217
 -8217
 -8214
 -8196
 -8190
 -8136
 -8066
 -8055
 -8021
 -7962
 -7937
 -7887
 -7789
 -7692
 -7691
 -7680
 -7669
 -7593
 -7545
 -7518
 -7517
 -7492
 -7490
 -7463
 -7453
 -7441
 -7432
 -7424
 -7399
 -7399
 -7381
 -7315
 -7312
 -7216
 -7147
 -7136
 -7128
 -7084
 -7047
 -7030
 -7018
 -7007
 -7006
 -6966
 -6963
 -6830
 -6817
 -6813
 -6738
 -6726
 -6688
 -6651
 -6604
 -6573
 -6527
 -6482
 -6471
 -6455
 -6420
 -6405
 -6374
 -6366
 -6356
 -6289
 -6263
 -6259
 -6239
 -6111
 -6072
 -6056
 -6056
 -6052
 -5997
 -5987
 -5965
 -5950
 -5928
 -5925
 -5922
 -5889
 -5885
 -5885
 -5846
 -5843
 -5820
 -5799
 -5740
 -5729
 -5698
 -5683
 -5683
 -5680
 -5622
 -5610
 -5599
 -5546
 -5542
 -5537
 -5505
 -5504
 -5485
 -5406
 -5387
 -5374
 -5363
 -5321
 -5294
 -5269
 -5243
 -5223
 -5220
 -5123
 -5122
 -5122
 -5105
 -5047
 -5043
 -5024
 -5008
 -5007
 -4977
 -4936
 -4898
 -4891
 -4884
 -4879
 -4809
 -4784
 -4773
 -4762
 -4753
 -4735
 -4676
 -4638
 -4620
 -4614
 -4607
 -4585
 -4578
 -4576
 -4543
 -4498
 -4496
 -4459
 -4448
 -4445
 -4417
 -4384
 -4375
 -4373
 -4340
 -4325
 -4313
 -4310
 -4302
 -4272
 -4239
 -4235
 -4224
 -4193
 -4161
 -4141
 -4096
 -4080
 -4052
 -4046
 -4032
 -3999
 -3919
 -3905
 -3893
 -3883
 -3876
 -3857
 -3857
 -3836
 -3813
 -3809
 -3794
 -3748
 -3721
 -3696
 -3684
 -3647
 -3646
 -3628
 -3618
 -3570
 -3486
 -3456
 -3431
 -3381
 -3262
 -3221
 -3193
 -3172
 -3160
 -3157
 -3147
 -3106
 -3075
 -3021
 -3020
 -3016
 -2995
 -2989
 -2962
 -2957
 -2921
 -2918
 -2905
 -2904
 -2894
 -2870
 -2813
 -2805
 -2763
 -2732
 -2710
 -2625
 -2623
 -2602
 -2585
 -2530
 -2512
 -2505
 -2498
 -2431
 -2397
 -2376
 -2271
 -2246
 -2206
 -2196
 -2190
 -2177
 -2055
 -2025
 -1998
 -1991
 -1953
 -1934
 -1905
 -1870
 -1848
 -1792
 -1778
 -1775
 -1751
 -1747
 -1715
 -1701
 -1692
 -1665
 -1664
 -1663
 -1660
 -1658
 -1643
 -1561
 -1557
 -1548
 -1526
 -1516
 -1496
 -1468
 -1407
 -1377
 -1322
 -1302
 -1296
 -1289
 -1257
 -1215
 -1199
 -1194
 -1189
 -1185
 -1163
 -1148
 -1139
 -1121
 -1116
 -1049
 -1027
 -939
 -931
 -904
 -872
 -858
 -809
 -801
 -778
 -754
 -739
 -736
 -732
 -706
 -699
 -665
 -634
 -622
 -546
 -539
 -523
 -517
 -517
 -499
 -490
 -477
 -435
 -379
 -372
 -274
 -205
 -186
 -179
 -170
 -159
 -158
 -151
 -144
 -113
 -81
 -78
 -71
 -30
 22
 31
 49
 85
 87
 87
 102
 153
 222
 256
 295
 301
 351
 372
 424
 425
 493
 515
 520
 529
 532
 541
 550
 569
 653
 680
 690
 789
 792
 816
 872
 890
 895
 925
 1004
 1015
 1059
 1068
 1072
 1124
 1161
 1213
 1220
 1264
 1283
 1285
 1302
 1317
 1326
 1388
 1401
 1415
 1416
 1419
 1426
 1461
 1462
 1530
 1539
 1541
 1563
 1566
 1579
 1640
 1676
 1698
 1771
 1773
 1786
 1813
 1890
 1898
 1907
 1926
 1926
 1947
 1962
 1991
 2040
 2062
 2076
 2149
 2161
 2235
 2254
 2270
 2286
 2344
 2350
 2364
 2377
 2405
 2450
 2475
 2476
 2478
 2480
 2533
 2535
 2596
 2652
 2656
 2721
 2734
 2759
 2780
 2798
 2839
 2867
 2874
 2880
 2911
 2933
 2941
 2957
 2986
 3031
 3061
 3091
 3118
 3146
 3166
 3203
 3232
 3310
 3326
 3352
 3380
 3403
 3437
 3440
 3471
 3506
 3562
 3626
 3627
 3641
 3659
 3659
 3679
 3690
 3703
 3723
 3731
 3759
 3799
 3800
 3804
 3835
 3838
 3847
 3847
 3872
 3893
 3900
 3912
 3927
 3951
 3971
 3976
 4010
 4031
 4086
 4103
 4112
 4314
 4327
 4349
 4350
 4393
 4441
 4464
 4478
 4486
 4494
 4498
 4507
 4532
 4544
 4567
 4577
 4619
 4620
 4691
 4708
 4730
 4747
 4859
 4870
 4893
 4934
 4957
 5008
 5025
 5070
 5136
 5169
 5170
 5172
 5181
 5192
 5200
 5213
 5215
 5254
 5261
 5269
 5280
 5318
 5342
 5366
 5369
 5435
 5442
 5494
 5610
 5663
 5676
 5702
 5782
 5787
 5789
 5802
 5860
 5894
 5895
 6033
 6056
 6087
 6134
 6232
 6234
 6310
 6338
 6389
 6404
 6450
 6452
 6516
 6549
 6583
 6646
 6665
 6702
 6705
 6750
 6801
 6812
 6842
 6858
 6867
 6889
 6895
 6970
 7039
 7059
 7083
 7092
 7102
 7111
 7127
 7159
 7262
 7292
 7313
 7369
 7420
 7423
 7510
 7595
 7617
 7621
 7697
 7703
 7708
 7715
 7730
 7737
 7769
 7796
 7804
 7826
 7830
 7866
 7923
 8064
 8083
 8102
 8113
 8154
 8172
 8209
 8212
 8240
 8244
 8266
 8354
 8360
 8362
 8406
 8430
 8434
 8456
 8475
 8588
 8628
 8651
 8673
 8751
 8760
 8767
 8814
 8834
 8917
 8944
 8982
 9003
 9008
 9044
 9063
 9065
 9087
 9190
 9192
 9249
 9266
 9349
 9351
 9365
 9396
 9402
 9403
 9406
 9414
 9415
 9422
 9500
 9501
 9564
 9567
 9598
 9626
 9636
 9639
 9647
 9673
 9679
 9684
 9706
 9712
 9737
 9768
 9774
 9774
 9798
 9844
 9852
 9875
 9913
 9971
 9973
 9983
 10010
 10075
 10084
 10088
 10108
 10179
 10192
 10220
 10343
 10365
 10375
 10383
 10396
 10417
 10424
 10458
 10475
 10476
 10498
 10611
 10658
 10673
 10675
 10675
 10694
 10696
 10703
 10720
 10795
 10797
 10812
 10828
 10830
 10847
 10866
 10904
 10933
 10960
 11120
 11180
 11208
 11244
 11247
 11267
 11317
 11323
 11326
 11343
 11368
 11381
 11433
 11460
 11461
 11549
 11559
 11559
 11587
 11591
 11609
 11613
 11614
 11646
 11665
 11665
 11680
 11705
 11717
 11730
 11740
 11752
 11789
 11805
 11815
 11824
 11825
 11843
 11844
 11875
 11908
 11908
 11919
 11931
 11945
 11955
 11963
 11978
 12010
 12010
 12012
 12016
 12046
 12130
 12131
 12135
 12165
 12166
 12215
 12317
 12317
 12326
 12329
 12368
 12381
 12381
 12424
 12451
 12542
 12543
 12548
 12555
 12569
 12572
 12580
 12614
 12633
 12649
 12688
 12700
 12742
 12746
 12761
 12769
 12807
 12809
 12817
 12849
 12872
 12875
 12926
 12940
 12975
 13088
 13149
 13157
 13167
 13209
 13217
 13245
 13253
 13254
 13259
 13307
 13331
 13406
 13417
 13459
 13498
 13526
 13527
 13548
 13561
 13597
 13615
 13616
 13671
 13676
 13726
 13732
 13742
 13805
 13866
 13867
 13974
 13981
 14013
 14014
 14053
 14150
 14153
 14183
 14221
 14223
 14275
 14291
 14335
 14365
 14386
 14416
 14417
 14439
 14468
 14471
 14567
 14577
 14577
 14585
 14632
 14639
 14643
 14745
 14778
 14782
 14804
 14866
 14878
 14957
 14986
 15029
 15031
 15034
 15038
 15039
 15078
 15150
 15155
 15175
 15223
 15224
 15224
 15242
 15256
 15256
 15273
 15276
 15307
 15333
 15340
 15344
 15368
 15448
 15481
 15492
 15496
 15507
 15517
 15530
 15543
 15576
 15608
 15647
 15665
 15689
 15725
 15746
 15768
 15806
 15834
 15903
 15919
 15922
 15938
 15960
 15993
 16002
 16032
 16065
 16072
 16091
 16091
 16129
 16149
 16203
 16235
 16237
 16280
 16342
 16392
 16400
 16409
 16410
 16419
 16427
 16453
 16457
 16464
 16472
 16487
 16499
 16514
 16518
 16535
 16567
 16586
 16589
 16707
 16725
 16743
 16754
 16766
 16843
 16858
 16884
 16966
 17018
 17019
 17040
 17048
 17069
 17094
 17106
 17136
 17178
 17214
 17253
 17264
 17293
 17345
 17380
 17405
 17418
 17472
 17496
 17509
 17542
 17557
 17560
 17615
 17662
 17686
 17693
 17733
 17818
 17850
 17858
 17859
 17862
 17878
 17881
 17899
 17933
 17978
 18007
 18071
 18100
 18102
 18104
 18113
 18138
 18211
 18214
 18223
 18228
 18231
 18238
 18315
 18382
 18435
 18444
 18489
 18519
 18525
 18552
 18571
 18578
 18616
 18617
 18624
 18638
 18645
 18653
 18659
 18662
 18665
 18694
 18695
 18708
 18721
 18727
 18742
 18746
 18754
 18756
 18756
 18780
 18883
 18964
 18968
 18994
 19080
 19083
 19091
 19093
 19105
 19123
 19159
 19176
 19188
 19292
 19307
 19320
 19326
 19345
 19364
 19385
 19405
 19489
 19492
 19494
 19529
 19533
 19549
 19563
 19567
 19588
 19658
 19682
 19796
 19817
 19827
 19830
 19832
 19852
 19868
 19883
 19903
 19936
 19990
 20004
 20016
 20025
 20071
 20092
 20101
 20162
 20166
 20262
 20265
 20312
 20373
 20376
 20400
 20474
 20487
 20507
 20530
 20567
 20604
 20630
 20679
 20704
 20806
 20833
 20859
 20869
 20900
 20949
 20953
 20997
 21005
 21029
 21059
 21078
 21097
 21104
 21131
 21154
 21203
 21240
 21255
 21264
 21265
 21276
 21353
 21388
 21457
 21458
 21477
 21484
 21494
 21530
 21620
 21656
 21684
 21762
 21771
 21773
 21806
 21821
 21851
 21858
 21870
 21906
 21908
 21912
 21991
 21997
 22017
 22038
 22110
 22163
 22173
 22185
 22186
 22241
 22251
 22287
 22315
 22335
 22349
 22356
 22412
 22413
 22418
 22448
 22452
 22472
 22482
 22495
 22540
 22565
 22597
 22611
 22664
 22675
 22715
 22752
 22765
 22766
 22818
 22825
 22929
 22990
 23002
 23012
 23020
 23047
 23067
 23077
 23103
 23188
 23196
 23197
 23210
 23293
 23300
 23314
 23330
 23381
 23462
 23472
 23482
 23629
 23708
 23715
 23759
 23782
 23813
 23843
 23870
 23876
 23886
 23929
 23954
 23978
 23980
 24036
 24127
 24130
 24163
 24195
 24249
 24309
 24367
 24371
 24473
 24475
 24484
 24513
 24541
 24569
 24619
 24622
 24678
 24692
 24693
 24746
 24864
 24880
 24890
 24904
 24909
 24926
 25006
 25044
 25090
 25113
 25125
 25136
 25193
 25199
 25203
 25214
 25233
 25259
 25292
 25350
 25357
 25382
 25416
 25442
 25447
 25514
 25587
 25630
 25650
 25651
 25737
 25767
 25784
 25798
 25807
 25837
 25860
 25863
 25875
 25917
 25984
 25995
 26009
 26037
 26060
 26067
 26073
 26075
 26075
 26081
 26097
 26149
 26178
 26186
 26204
 26254
 26271
 26314
 26328
 26330
 26360
 26375
 26380
 26384
 26393
 26432
 26484
 26512
 26570
 26620
 26621
 26631
 26668
 26677
 26693
 26727
 26735
 26740
 26741
 26743
 26768
 26815
 26908
 26932
 26964
 26970
 26991
 27013
 27033
 27052
 27053
 27055
 27069
 27070
 27099
 27129
 27151
 27189
 27219
 27275
 27296
 27322
 27327
 27343
 27354
 27453
 27476
 27491
 27510
 27560
 27594
 27650
 27668
 27670
 27720
 27738
 27757
 27778
 27807
 27812
 27822
 27862
 27892
 27997
 28008
 28069
 28082
 28104
 28133
 28188
 28194
 28234
 28251
 28273
 28274
 28302
 28312
 28408
 28449
 28460
 28578
 28617
 28631
 28633
 28642
 28662
 28677
 28699
 28707
 28753
 28755
 28760
 28761
 28787
 28804
 28839
 28847
 28857
 28900
 28932
 28938
 28941
 28954
 28991
 29003
 29026
 29032
 29045
 29084
 29097
 29119
 29158
 29159
 29184
 29195
 29253
 29324
 29340
 29358
 29401
 29460
 29477
 29480
 29486
 29499
 29517
 29517
 29527
 29577
 29592
 29608
 29657
 29664
 29667
 29711
 29716
 29721
 29797
 29830
 29855
 29878
 29927
 29968
 30014
 30085
 30095
 30107
 30127
 30128
 30155
 30198
 30258
 30289
 30297
 30299
 30304
 30305
 30378
 30403
 30404
 30422
 30453
 30455
 30456
 30500
 30513
 30553
 30554
 30574
 30584
 30622
 30635
 30669
 30728
 30735
 30749
 30755
 30768
 30796
 30870
 30889
 30910
 30927
 30927
 30948
 30965
 30975
 30984
 31020
 31037
 31058
 31068
 31083
 31094
 31130
 31140
 31152
 31177
 31185
 31206
 31222
 31223
 31224
 31234
 31273
 31326
 31334
 31391
 31392
 31393
 31416
 31429
 31436
 31441
 31467
 31467
 31479
 31524
 31541
 31549
 31572
 31587
 31677
 31691
 31696
 31716
 31798
 31821
 31848
 31848
 31852
 31871
 31919
 31958
 31982
 31993
 31994
 32006
 32010
 32029
 32031
 32048
 32050
 32055
 32095
 32117
 32122
 32155
 32179
 32188
 32191
 32205
 32208
 32261
 32293
 32298
 32328
 32405
 32431
 32458
 32458
 32468
 32489
 32495
 32515
 32530
 32562
 32614
 32676
 32695
 32696
 32700
 32748
 32781
 32799
 32800
 32804
 32820
 32900
 32912
 32914
 32929
 32968
 33006
 33026
 33032
 33082
 33093
 33115
 33116
 33155
 33158
 33159
 33189
 33200
 33250
 33279
 33287
 33340
 33380
 33421
 33457
 33457
 33521
 33550
 33559
 33590
 33601
 33604
 33630
 33698
 33734
 33738
 33748
 33783
 33785
 33827
 33835
 33842
 33878
 33961
 33979
 33989
 33991
 34031
 34032
 34062
 34065
 34103
 34107
 34149
 34177
 34189
 34200
 34257
 34265
 34281
 34285
 34309
 34379
 34387
 34392
 34394
 34410
 34459
 34493
 34501
 34539
 34663
 34684
 34691
 34691
 34738
 34746
 34791
 34815
 34830
 34835
 34840
 34840
 34870
 34923
 34937
 34942
 34945
 34978
 34998
 35004
 35015
 35047
 35049
 35058
 35089
 35112
 35133
 35139
 35145
 35178
 35191
 35193
 35225
 35260
 35270
 35278
 35286
 35290
 35318
 35329
 35359
 35362
 35370
 35381
 35511
 35530
 35547
 35583
 35584
 35607
 35609
 35626
 35633
 35725
 35755
 35767
 35802
 35802
 35866
 35888
 35930
 35936
 35951
 35988
 35990
 36008
 36037
 36044
 36080
 36095
 36120
 36149
 36151
 36159
 36171
 36209
 36241
 36324
 36325
 36333
 36415
 36424
 36431
 36439
 36454
 36456
 36456
 36486
 36498
 36522
 36533
 36545
 36549
 36579
 36579
 36590
 36594
 36599
 36610
 36646
 36656
 36713
 36791
 36813
 36835
 36845
 36912
 36919
 36929
 36959
 36970
 36978
 36994
 37014
 37081
 37149
 37252
 37262
 37315
 37335
 37362
 37375
 37420
 37459
 37463
 37516
 37522
 37601
 37652
 37676
 37711
 37777
 37790
 37836
 37887
 37890
 37911
 37920
 37965
 38000
 38001
 38017
 38089
 38094
 38095
 38112
 38124
 38124
 38127
 38155
 38187
 38193
 38203
 38351
 38360
 38396
 38411
 38455
 38551
 38554
 38573
 38609
 38629
 38632
 38643
 38665
 38750
 38787
 38795
 38817
 38819
 38823
 38833
 38887
 38899
 38919
 38953
 38957
 38995
 39014
 39031
 39040
 39047
 39063
 39065
 39067
 39113
 39190
 39192
 39235
 39239
 39256
 39268
 39306
 39324
 39325
 39327
 39348
 39354
 39364
 39381
 39383
 39432
 39438
 39482
 39491
 39612
 39626
 39696
 39746
 39748
 39759
 39764
 39766
 39829
 39832
 39840
 39858
 39870
 39889
 39897
 39920
 39929
 39951
 40013
 40043
 40046
 40055
 40069
 40076
 40084
 40115
 40148
 40180
 40182
 40195
 40202
 40210
 40210
 40230
 40231
 40319
 40374
 40396
 40399
 40495
 40500
 40542
 40562
 40594
 40600
 40618
 40635
 40648
 40681
 40710
 40719
 40726
 40762
 40785
 40797
 40805
 40824
 40833
 40873
 40873
 40924
 40927
 40939
 40953
 40978
 40985
 41012
 41021
 41066
 41107
 41124
 41128
 41162
 41172
 41189
 41205
 41228
 41246
 41285
 41353
 41418
 41441
 41515
 41517
 41523
 41592
 41613
 41619
 41657
 41704
 41727
 41767
 41782
 41788
 41790
 41835
 41859
 41951
 41967
 42040
 42157
 42222
 42228
 42231
 42232
 42245
 42248
 42263
 42301
 42308
 42328
 42339
 42433
 42440
 42455
 42464
 42464
 42487
 42514
 42532
 42533
 42617
 42618
 42629
 42637
 42671
 42685
 42685
 42691
 42702
 42716
 42741
 42751
 42865
 42883
 42902
 42902
 42956
 43064
 43067
 43134
 43156
 43177
 43184
 43190
 43220
 43265
 43292
 43295
 43310
 43327
 43354
 43360
 43409
 43427
 43440
 43462
 43463
 43468
 43509
 43511
 43708
 43712
 43741
 43750
 43764
 43811
 43831
 43864
 43935
 43936
 43950
 43986
 44024
 44029
 44060
 44062
 44096
 44108
 44144
 44165
 44184
 44263
 44281
 44292
 44293
 44318
 44355
 44377
 44386
 44424
 44440
 44472
 44508
 44524
 44537
 44542
 44542
 44557
 44594
 44597
 44606
 44646
 44732
 44775
 44789
 44856
 44863
 44890
 44896
 44952
 44968
 44974
 44981
 44997
 45022
 45030
 45038
 45078
 45081
 45116
 45122
 45152
 45198
 45252
 45253
 45274
 45334
 45336
 45374
 45409
 45465
 45467
 45497
 45526
 45530
 45552
 45562
 45605
 45616
 45641
 45647
 45651
 45783
 45809
 45817
 45828
 45846
 45865
 45878
 46017
 46052
 46113
 46205
 46241
 46247
 46264
 46319
 46340
 46346
 46359
 46427
 46443
 46449
 46452
 46459
 46535
 46540
 46589
 46597
 46610
 46635
 46661
 46662
 46679
 46690
 46691
 46693
 46709
 46713
 46718
 46753
 46837
 46838
 46859
 46864
 46924
 46946
 46972
 47018
 47033
 47036
 47083
 47131
 47146
 47200
 47218
 47282
 47299
 47359
 47370
 47372
 47451
 47464
 47486
 47488
 47532
 47552
 47555
 47563
 47563
 47581
 47584
 47648
 47666
 47700
 47720
 47721
 47787
 47789
 47804
 47813
 47822
 47844
 47862
 47862
 47885
 47903
 47911
 47922
 47984
 47986
 47986
 48033
 48053
 48130
 48131
 48131
 48145
 48278
 48287
 48298
 48300
 48305
 48310
 48342
 48374
 48387
 48451
 48455
 48532
 48567
 48614
 48666
 48701
 48719
 48724
 48726
 48801
 48802
 48831
 48854
 48891
 48915
 48932
 48936
 48974
 49010
 49026
 49039
 49112
 49172
 49224
 49259
 49281
 49345
 49366
 49375
 49385
 49389
 49419
 49452
 49488
 49497
 49500
 49512
 49512
 49520
 49560
 49594
 49598
 49602
 49620
 49631
 49653
 49658
 49753
 49760
 49771
 49784
 49806
 49827
 49928
 49934
 49937
 49941
 49965
 50004
 50012
 50019
 50023
 50036
 50045
 50097
 50107
 50153
 50196
 50205
 50206
 50211
 50215
 50219
 50225
 50243
 50274
 50306
 50360
 50372
 50387
 50389
 50401
 50563
 50590
 50613
 50632
 50654
 50690
 50711
 50715
 50739
 50759
 50816
 50866
 50884
 50887
 50974
 50988
 50999
 51052
 51064
 51078
 51094
 51101
 51130
 51145
 51184
 51198
 51215
 51223
 51237
 51245
 51247
 51264
 51292
 51318
 51356
 51427
 51460
 51467
 51508
 51512
 51519
 51528
 51558
 51611
 51612
 51651
 51743
 51762
 51773
 51781
 51781
 51812
 51848
 51882
 51882
 51894
 51907
 51924
 51937
 51940
 51957
 51968
 52037
 52127
 52128
 52188
 52207
 52229
 52274
 52286
 52341
 52363
 52365
 52386
 52398
 52399
 52402
 52422
 52488
 52549
 52553
 52570
 52598
 52615
 52626
 52634
 52636
 52676
 52695
 52716
 52742
 52757
 52822
 52825
 52835
 52879
 52965
 52973
 52977
 53037
 53051
 53056
 53135
 53153
 53236
 53253
 53278
 53282
 53283
 53298
 53332
 53365
 53412
 53458
 53563
 53580
 53654
 53654
 53662
 53680
 53726
 53744
 53764
 53764
 53779
 53781
 53811
 53823
 53836
 53847
 53882
 53899
 53901
 53939
 53944
 53953
 53974
 53977
 53978
 53979
 53985
 53994
 54024
 54149
 54184
 54231
 54246
 54248
 54264
 54374
 54378
 54391
 54393
 54428
 54456
 54601
 54610
 54618
 54674
 54735
 54852
 54923
 54926
 54972
 55030
 55084
 55122
 55191
 55223
 55232
 55271
 55273
 55284
 55329
 55351
 55369
 55397
 55473
 55496
 55499
 55503
 55506
 55522
 55542
 55566
 55611
 55636
 55641
 55655
 55763
 55780
 55783
 55800
 55804
 55810
 55817
 55841
 55860
 55866
 55916
 55971
 55971
 55983
 55988
 55998
 56019
 56036
 56062
 56071
 56082
 56082
 56111
 56140
 56155
 56199
 56204
 56224
 56237
 56254
 56261
 56295
 56342
 56342
 56380
 56414
 56454
 56474
 56496
 56502
 56505
 56508
 56514
 56518
 56539
 56546
 56557
 56560
 56572
 56575
 56597
 56605
 56623
 56630
 56672
 56703
 56705
 56710
 56711
 56719
 56722
 56745
 56754
 56762
 56816
 56828
 56863
 56897
 56905
 56912
 56921
 56953
 56970
 56980
 57010
 57025
 57070
 57104
 57193
 57196
 57282
 57302
 57322
 57322
 57346
 57366
 57378
 57393
 57420
 57421
 57434
 57451
 57452
 57479
 57507
 57551
 57560
 57585
 57608
 57645
 57667
 57684
 57693
 57698
 57710
 57717
 57754
 57785
 57811
 57812
 57920
 57947
 57962
 58044
 58074
 58081
 58105
 58112
 58114
 58116
 58127
 58163
 58197
 58228
 58255
 58259
 58270
 58294
 58302
 58336
 58341
 58349
 58359
 58383
 58438
 58438
 58449
 58483
 58543
 58546
 58558
 58613
 58654
 58656
 58660
 58719
 58736
 58779
 58856
 58860
 58864
 58882
 58917
 58921
 58926
 58956
 58985
 59036
 59039
 59051
 59055
 59112
 59130
 59171
 59175
 59190
 59196
 59335
 59353
 59432
 59466
 59467
 59486
 59517
 59578
 59601
 59621
 59646
 59728
 59823
 59850
 59854
 59862
 59882
 59886
 59893
 59902
 59927
 59936
 59938
 60004
 60016
 60021
 60044
 60135
 60162
 60186
 60199
 60208
 60211
 60258
 60281
 60304
 60321
 60340
 60365
 60395
 60397
 60438
 60453
 60460
 60520
 60525
 60583
 60636
 60656
 60666
 60695
 60739
 60757
 60772
 60809
 60822
 60842
 60872
 60875
 60933
 61012
 61058
 61060
 61067
 61127
 61128
 61142
 61162
 61166
 61236
 61284
 61285
 61299
 61373
 61400
 61401
 61402
 61404
 61420
 61428
 61432
 61445
 61449
 61557
 61566
 61580
 61636
 61692
 61706
 61743
 61836
 61931
 61948
 61962
 61966
 61972
 61994
 62042
 62095
 62111
 62123
 62124
 62128
 62169
 62176
 62179
 62193
 62275
 62298
 62306
 62312
 62356
 62377
 62384
 62387
 62466
 62478
 62527
 62617
 62626
 62641
 62643
 62717
 62737
 62743
 62758
 62771
 62816
 62832
 62835
 62848
 62887
 62895
 62899
 62943
 62996
 63042
 63073
 63078
 63086
 63088
 63094
 63142
 63161
 63221
 63226
 63323
 63378
 63396
 63406
 63414
 63463
 63470
 63479
 63488
 63510
 63531
 63582
 63633
 63649
 63682
 63790
 63819
 63839
 63848
 63855
 63905
 63911
 63931
 63949
 63968
 63982
 64098
 64141
 64164
 64183
 64213
 64225
 64241
 64428
 64442
 64480
 64481
 64533
 64580
 64598
 64602
 64623
 64632
 64661
 64671
 64719
 64748
 64756
 64775
 64776
 64824
 64824
 64923
 64929
 

