dla: 10
7
5
5
3
3
2
3
2
2
3


dla: 50
45
32
25
21
20
19
19
19
19
19


dla: 100
95
81
62
56
52
49
78
47
48
47


dla: 500
781
596
586
539
524
521
517
520
537
515


dla: 1000
2081
1567
2036
1995
2082
1786
2847
2290
2762
2322


dla: 2000
2879
4326
3201
3141
3873
3400
2988
3800
3297
2852


dla: 5000
12338
12338
8828
8191
8174
9665
8112
8291
9336
8585


dla: 10000
19042
17590
18083
17469
17901
18335
17547
18272
17357
17807


dla: 20000
40268
38627
38697
38063
39137
37902
38790
38560
39053
38953


dla: 50000
107867
108990
108996
105934
109766
106962
107505
106848
108465
107821


dla: 100000
230182
219859
218474
219280
222811
223097
230386
220945
221455
220808


dla: 200000
482100
477041
476143
475290
480412
474437
477165
472313
483283
477289


dla: 300000
750150
748406
751056
750760
754364
756629
751316
749164
749878
748441


dla: 500000
1387382
1348134
1342566
1356037
1353228
1352639
1336171
1320511
1330903
1322732


